,ds,trend,yhat_lower,yhat_upper,trend_lower,trend_upper,Ano novo,Ano novo_lower,Ano novo_upper,Carnaval,Carnaval_lower,Carnaval_upper,Carnaval (Day off),Carnaval (Day off)_lower,Carnaval (Day off)_upper,Dia Internacional da Mulher,Dia Internacional da Mulher_lower,Dia Internacional da Mulher_upper,Dia Internacional da Mulher (Day off),Dia Internacional da Mulher (Day off)_lower,Dia Internacional da Mulher (Day off)_upper,Dia Mundial do Trabalho,Dia Mundial do Trabalho_lower,Dia Mundial do Trabalho_upper,Dia da Independência,Dia da Independência_lower,Dia da Independência_upper,Dia da Independência (Day off),Dia da Independência (Day off)_lower,Dia da Independência (Day off)_upper,Dia da Libertação da África Austral,Dia da Libertação da África Austral_lower,Dia da Libertação da África Austral_upper,Dia da Libertação da África Austral (Day off),Dia da Libertação da África Austral (Day off)_lower,Dia da Libertação da África Austral (Day off)_upper,Dia da Paz e Reconciliação,Dia da Paz e Reconciliação_lower,Dia da Paz e Reconciliação_upper,Dia da Paz e Reconciliação (Day off),Dia da Paz e Reconciliação (Day off)_lower,Dia da Paz e Reconciliação (Day off)_upper,Dia de Natal e da Família,Dia de Natal e da Família_lower,Dia de Natal e da Família_upper,Dia do Herói Nacional,Dia do Herói Nacional_lower,Dia do Herói Nacional_upper,Dia do Herói Nacional (Day off),Dia do Herói Nacional (Day off)_lower,Dia do Herói Nacional (Day off)_upper,Dia do Início da Luta Armada,Dia do Início da Luta Armada_lower,Dia do Início da Luta Armada_upper,Dia do Início da Luta Armada (Day off),Dia do Início da Luta Armada (Day off)_lower,Dia do Início da Luta Armada (Day off)_upper,Dia dos Finados,Dia dos Finados_lower,Dia dos Finados_upper,Dia dos Finados (Day off),Dia dos Finados (Day off)_lower,Dia dos Finados (Day off)_upper,Sexta-feira Santa,Sexta-feira Santa_lower,Sexta-feira Santa_upper,holidays,holidays_lower,holidays_upper,monthly,monthly_lower,monthly_upper,multiplicative_terms,multiplicative_terms_lower,multiplicative_terms_upper,school_holiday,school_holiday_lower,school_holiday_upper,weekly,weekly_lower,weekly_upper,yearly,yearly_lower,yearly_upper,additive_terms,additive_terms_lower,additive_terms_upper,yhat
0,2019-12-16,8.28634,2.4003792987330432,12.695514733676987,8.28634,8.28634,0.0,0.0,0.0,0.0,0.0,0.0,0.0,0.0,0.0,0.0,0.0,0.0,0.0,0.0,0.0,0.0,0.0,0.0,0.0,0.0,0.0,0.0,0.0,0.0,0.0,0.0,0.0,0.0,0.0,0.0,0.0,0.0,0.0,0.0,0.0,0.0,0.0,0.0,0.0,0.0,0.0,0.0,0.0,0.0,0.0,0.0,0.0,0.0,0.0,0.0,0.0,0.0,0.0,0.0,0.0,0.0,0.0,0.0,0.0,0.0,0.0,0.0,0.0,0.09397567500906631,0.09397567500906631,0.09397567500906631,-0.08676338221906119,-0.08676338221906119,-0.08676338221906119,0.0,0.0,0.0,0.00694228131076112,0.00694228131076112,0.00694228131076112,-0.1876813385388886,-0.1876813385388886,-0.1876813385388886,0.0,0.0,0.0,7.567389115382904
1,2019-12-29,8.245634437443744,7.074057693003801,17.061560368969385,8.245634437443744,8.245634437443744,0.0,0.0,0.0,0.0,0.0,0.0,0.0,0.0,0.0,0.0,0.0,0.0,0.0,0.0,0.0,0.0,0.0,0.0,0.0,0.0,0.0,0.0,0.0,0.0,0.0,0.0,0.0,0.0,0.0,0.0,0.0,0.0,0.0,0.0,0.0,0.0,0.0,0.0,0.0,0.0,0.0,0.0,0.0,0.0,0.0,0.0,0.0,0.0,0.0,0.0,0.0,0.0,0.0,0.0,0.0,0.0,0.0,0.0,0.0,0.0,0.0216225,0.0216225,0.0216225,0.207895507339057,0.207895507339057,0.207895507339057,0.4264573816765262,0.4264573816765262,0.4264573816765262,0.0216225,0.0216225,0.0216225,0.17079129839545953,0.17079129839545953,0.17079129839545953,0.026148075942009644,0.026148075942009644,0.026148075942009644,0.0,0.0,0.0,11.762046109897799
2,2020-01-04,8.226847254725472,5.783722533575656,15.627595048756538,8.226847254725472,8.226847254725472,0.0,0.0,0.0,0.0,0.0,0.0,0.0,0.0,0.0,0.0,0.0,0.0,0.0,0.0,0.0,0.0,0.0,0.0,0.0,0.0,0.0,0.0,0.0,0.0,0.0,0.0,0.0,0.0,0.0,0.0,0.0,0.0,0.0,0.0,0.0,0.0,0.0,0.0,0.0,0.0,0.0,0.0,0.0,0.0,0.0,0.0,0.0,0.0,0.0,0.0,0.0,0.0,0.0,0.0,0.0,0.0,0.0,0.0,0.0,0.0,0.0216225,0.0216225,0.0216225,-0.02262495208552262,-0.02262495208552262,-0.02262495208552262,0.2818733795453292,0.2818733795453292,0.2818733795453292,0.0216225,0.0216225,0.0216225,0.12177374593585466,0.12177374593585466,0.12177374593585466,0.16110208569499723,0.16110208569499723,0.16110208569499723,0.0,0.0,0.0,10.545776493418154
3,2020-05-01,7.85736599459946,8.05148986077261,17.513548691935796,7.85736599459946,7.85736599459946,0.0,0.0,0.0,0.0,0.0,0.0,0.0,0.0,0.0,0.0,0.0,0.0,0.0,0.0,0.0,0.0566964,0.0566964,0.0566964,0.0,0.0,0.0,0.0,0.0,0.0,0.0,0.0,0.0,0.0,0.0,0.0,0.0,0.0,0.0,0.0,0.0,0.0,0.0,0.0,0.0,0.0,0.0,0.0,0.0,0.0,0.0,0.0,0.0,0.0,0.0,0.0,0.0,0.0,0.0,0.0,0.0,0.0,0.0,0.0,0.0,0.0,0.0566964,0.0566964,0.0566964,0.2112450294145677,0.2112450294145677,0.2112450294145677,0.6004647052019788,0.6004647052019788,0.6004647052019788,0.0,0.0,0.0,0.038007613544496416,0.038007613544496416,0.038007613544496416,0.29451566224291476,0.29451566224291476,0.29451566224291476,0.0,0.0,0.0,12.575436950210678
4,2020-08-26,7.491015931593159,4.530714097542444,14.077550369462644,7.491015931593159,7.491015931593159,0.0,0.0,0.0,0.0,0.0,0.0,0.0,0.0,0.0,0.0,0.0,0.0,0.0,0.0,0.0,0.0,0.0,0.0,0.0,0.0,0.0,0.0,0.0,0.0,0.0,0.0,0.0,0.0,0.0,0.0,0.0,0.0,0.0,0.0,0.0,0.0,0.0,0.0,0.0,0.0,0.0,0.0,0.0,0.0,0.0,0.0,0.0,0.0,0.0,0.0,0.0,0.0,0.0,0.0,0.0,0.0,0.0,0.0,0.0,0.0,0.0,0.0,0.0,0.10577754824114463,0.10577754824114463,0.10577754824114463,0.2520565130974777,0.2520565130974777,0.2520565130974777,0.0,0.0,0.0,-0.038848752297866135,-0.038848752297866135,-0.038848752297866135,0.18512771715419923,0.18512771715419923,0.18512771715419923,0.0,0.0,0.0,9.379175286868184
5,2020-09-02,7.4690975517551745,4.656999364114349,14.646677429374725,7.4690975517551745,7.4690975517551745,0.0,0.0,0.0,0.0,0.0,0.0,0.0,0.0,0.0,0.0,0.0,0.0,0.0,0.0,0.0,0.0,0.0,0.0,0.0,0.0,0.0,0.0,0.0,0.0,0.0,0.0,0.0,0.0,0.0,0.0,0.0,0.0,0.0,0.0,0.0,0.0,0.0,0.0,0.0,0.0,0.0,0.0,0.0,0.0,0.0,0.0,0.0,0.0,0.0,0.0,0.0,0.0,0.0,0.0,0.0,0.0,0.0,0.0,0.0,0.0,0.0,0.0,0.0,0.14663107037372605,0.14663107037372605,0.14663107037372605,0.2735569612850238,0.2735569612850238,0.2735569612850238,0.0,0.0,0.0,-0.038848752297820255,-0.038848752297820255,-0.038848752297820255,0.165774643209118,0.165774643209118,0.165774643209118,0.0,0.0,0.0,9.51232118155473
6,2020-09-03,7.465966354635464,3.8656332703704464,13.40345872952881,7.465966354635464,7.465966354635464,0.0,0.0,0.0,0.0,0.0,0.0,0.0,0.0,0.0,0.0,0.0,0.0,0.0,0.0,0.0,0.0,0.0,0.0,0.0,0.0,0.0,0.0,0.0,0.0,0.0,0.0,0.0,0.0,0.0,0.0,0.0,0.0,0.0,0.0,0.0,0.0,0.0,0.0,0.0,0.0,0.0,0.0,0.0,0.0,0.0,0.0,0.0,0.0,0.0,0.0,0.0,0.0,0.0,0.0,0.0,0.0,0.0,0.0,0.0,0.0,0.0,0.0,0.0,0.07865461494208666,0.07865461494208666,0.07865461494208666,0.15655729874593804,0.15655729874593804,0.15655729874593804,0.0,0.0,0.0,-0.08723340000001176,-0.08723340000001176,-0.08723340000001176,0.1651360838038632,0.1651360838038632,0.1651360838038632,0.0,0.0,0.0,8.63481787964525
7,2020-09-05,7.459703960396039,3.721811826485966,13.564986194652679,7.459703960396039,7.459703960396039,0.0,0.0,0.0,0.0,0.0,0.0,0.0,0.0,0.0,0.0,0.0,0.0,0.0,0.0,0.0,0.0,0.0,0.0,0.0,0.0,0.0,0.0,0.0,0.0,0.0,0.0,0.0,0.0,0.0,0.0,0.0,0.0,0.0,0.0,0.0,0.0,0.0,0.0,0.0,0.0,0.0,0.0,0.0,0.0,0.0,0.0,0.0,0.0,0.0,0.0,0.0,0.0,0.0,0.0,0.0,0.0,0.0,0.0,0.0,0.0,0.0,0.0,0.0,-0.13446985157258143,-0.13446985157258143,-0.13446985157258143,0.15046418423023816,0.15046418423023816,0.15046418423023816,0.0,0.0,0.0,0.12177374593566863,0.12177374593566863,0.12177374593566863,0.16316028986715092,0.16316028986715092,0.16316028986715092,0.0,0.0,0.0,8.582122231396106
8,2020-09-06,7.456572763276328,3.5086986896655,13.513571025418722,7.456572763276328,7.456572763276328,0.0,0.0,0.0,0.0,0.0,0.0,0.0,0.0,0.0,0.0,0.0,0.0,0.0,0.0,0.0,0.0,0.0,0.0,0.0,0.0,0.0,0.0,0.0,0.0,0.0,0.0,0.0,0.0,0.0,0.0,0.0,0.0,0.0,0.0,0.0,0.0,0.0,0.0,0.0,0.0,0.0,0.0,0.0,0.0,0.0,0.0,0.0,0.0,0.0,0.0,0.0,0.0,0.0,0.0,0.0,0.0,0.0,0.0,0.0,0.0,0.0,0.0,0.0,-0.2109598831792712,-0.2109598831792712,-0.2109598831792712,0.12117832128621296,0.12117832128621296,0.12117832128621296,0.0,0.0,0.0,0.17079129839516116,0.17079129839516116,0.17079129839516116,0.161346906070323,0.161346906070323,0.161346906070323,0.0,0.0,0.0,8.360147733278652
9,2020-09-09,7.447179171917192,2.8717414536161607,12.698429461827264,7.447179171917192,7.447179171917192,0.0,0.0,0.0,0.0,0.0,0.0,0.0,0.0,0.0,0.0,0.0,0.0,0.0,0.0,0.0,0.0,0.0,0.0,0.0,0.0,0.0,0.0,0.0,0.0,0.0,0.0,0.0,0.0,0.0,0.0,0.0,0.0,0.0,0.0,0.0,0.0,0.0,0.0,0.0,0.0,0.0,0.0,0.0,0.0,0.0,0.0,0.0,0.0,0.0,0.0,0.0,0.0,0.0,0.0,0.0,0.0,0.0,0.0,0.0,0.0,0.0,0.0,0.0,-0.07068092754868396,-0.07068092754868396,-0.07068092754868396,0.040590018297094535,0.040590018297094535,0.040590018297094535,0.0,0.0,0.0,-0.038848752298150185,-0.038848752298150185,-0.038848752298150185,0.1501196981439287,0.1501196981439287,0.1501196981439287,0.0,0.0,0.0,7.749460310767053
10,2020-09-13,7.434654383483692,4.670980967792738,14.471362124450403,7.434654383483692,7.434654383483692,0.0,0.0,0.0,0.0,0.0,0.0,0.0,0.0,0.0,0.0,0.0,0.0,0.0,0.0,0.0,0.0,0.0,0.0,0.0,0.0,0.0,0.0,0.0,0.0,0.0,0.0,0.0,0.0,0.0,0.0,0.0,0.0,0.0,0.0,0.0,0.0,0.0,0.0,0.0,0.0,0.0,0.0,0.0,0.0,0.0,0.0,0.0,0.0,0.0,0.0,0.0,0.0,0.0,0.0,0.0,0.0,0.0,0.0,0.0,0.0,0.0,0.0,0.0,-0.004933904268054012,-0.004933904268054012,-0.004933904268054012,0.2826678030882685,0.2826678030882685,0.2826678030882685,0.0,0.0,0.0,0.17079129839539547,0.17079129839539547,0.17079129839539547,0.11681040896092708,0.11681040896092708,0.11681040896092708,0.0,0.0,0.0,9.536191804783593
11,2020-09-23,7.403342412399945,2.4980373348327833,12.174505133297993,7.403342412399945,7.403342412399945,0.0,0.0,0.0,0.0,0.0,0.0,0.0,0.0,0.0,0.0,0.0,0.0,0.0,0.0,0.0,0.0,0.0,0.0,0.0,0.0,0.0,0.0,0.0,0.0,0.0,0.0,0.0,0.0,0.0,0.0,0.0,0.0,0.0,0.0,0.0,0.0,0.0,0.0,0.0,0.0,0.0,0.0,0.0,0.0,0.0,0.0,0.0,0.0,0.0,0.0,0.0,0.0,0.0,0.0,0.0,0.0,0.0,0.0,0.0,0.0,0.0,0.0,0.0,0.05245961229896474,0.05245961229896474,0.05245961229896474,-0.022712465101392937,-0.022712465101392937,-0.022712465101392937,0.0,0.0,0.0,-0.038848752297982764,-0.038848752297982764,-0.038848752297982764,-0.03632332510237492,-0.03632332510237492,-0.03632332510237492,0.0,0.0,0.0,7.235194256224649
12,2020-09-28,7.387686426858071,3.1033953842045223,12.96972322231618,7.387686426858071,7.387686426858071,0.0,0.0,0.0,0.0,0.0,0.0,0.0,0.0,0.0,0.0,0.0,0.0,0.0,0.0,0.0,0.0,0.0,0.0,0.0,0.0,0.0,0.0,0.0,0.0,0.0,0.0,0.0,0.0,0.0,0.0,0.0,0.0,0.0,0.0,0.0,0.0,0.0,0.0,0.0,0.0,0.0,0.0,0.0,0.0,0.0,0.0,0.0,0.0,0.0,0.0,0.0,0.0,0.0,0.0,0.0,0.0,0.0,0.0,0.0,0.0,0.0,0.0,0.0,0.19161248003575593,0.19161248003575593,0.19161248003575593,0.10190436850785337,0.10190436850785337,0.10190436850785337,0.0,0.0,0.0,0.006942281310926664,0.006942281310926664,0.006942281310926664,-0.09665039283882923,-0.09665039283882923,-0.09665039283882923,0.0,0.0,0.0,8.140523946921082
13,2020-10-01,7.378292835532947,2.4891169445058416,11.974884134175895,7.378292835532947,7.378292835532947,0.0,0.0,0.0,0.0,0.0,0.0,0.0,0.0,0.0,0.0,0.0,0.0,0.0,0.0,0.0,0.0,0.0,0.0,0.0,0.0,0.0,0.0,0.0,0.0,0.0,0.0,0.0,0.0,0.0,0.0,0.0,0.0,0.0,0.0,0.0,0.0,0.0,0.0,0.0,0.0,0.0,0.0,0.0,0.0,0.0,0.0,0.0,0.0,0.0,0.0,0.0,0.0,0.0,0.0,0.0,0.0,0.0,0.0,0.0,0.0,0.0,0.0,0.0,0.20039760788661626,0.20039760788661626,0.20039760788661626,0.0027416856384099367,0.0027416856384099367,0.0027416856384099367,0.0,0.0,0.0,-0.08723339999990135,-0.08723339999990135,-0.08723339999990135,-0.110422522248305,-0.110422522248305,-0.110422522248305,0.0,0.0,0.0,7.39852179503611
14,2020-10-03,7.372030441316197,3.6003397556730556,13.427538189763197,7.372030441316197,7.372030441316197,0.0,0.0,0.0,0.0,0.0,0.0,0.0,0.0,0.0,0.0,0.0,0.0,0.0,0.0,0.0,0.0,0.0,0.0,0.0,0.0,0.0,0.0,0.0,0.0,0.0,0.0,0.0,0.0,0.0,0.0,0.0,0.0,0.0,0.0,0.0,0.0,0.0,0.0,0.0,0.0,0.0,0.0,0.0,0.0,0.0,0.0,0.0,0.0,0.0,0.0,0.0,0.0,0.0,0.0,0.0,0.0,0.0,0.0,0.0,0.0,0.0,0.0,0.0,0.11696411932641647,0.11696411932641647,0.11696411932641647,0.12999003147376442,0.12999003147376442,0.12999003147376442,0.0,0.0,0.0,0.12177374593644613,0.12177374593644613,0.12177374593644613,-0.10874783378909815,-0.10874783378909815,-0.10874783378909815,0.0,0.0,0.0,8.330320910408437
15,2020-10-08,7.356374455774323,-0.3255155052770157,10.10487118716279,7.356374455774323,7.356374455774323,0.0,0.0,0.0,0.0,0.0,0.0,0.0,0.0,0.0,0.0,0.0,0.0,0.0,0.0,0.0,0.0,0.0,0.0,0.0,0.0,0.0,0.0,0.0,0.0,0.0,0.0,0.0,0.0,0.0,0.0,0.0,0.0,0.0,0.0,0.0,0.0,0.0,0.0,0.0,0.0,0.0,0.0,0.0,0.0,0.0,0.0,0.0,0.0,0.0,0.0,0.0,0.0,0.0,0.0,0.0,0.0,0.0,0.0,0.0,0.0,0.0,0.0,0.0,-0.19042063851064134,-0.19042063851064134,-0.19042063851064134,-0.3496295711402329,-0.3496295711402329,-0.3496295711402329,0.0,0.0,0.0,-0.08723339999999818,-0.08723339999999818,-0.08723339999999818,-0.0719755326295934,-0.0719755326295934,-0.0719755326295934,0.0,0.0,0.0,4.784368409654983
16,2020-10-12,7.343849667340824,2.2340346677599836,11.739396204339135,7.343849667340824,7.343849667340824,0.0,0.0,0.0,0.0,0.0,0.0,0.0,0.0,0.0,0.0,0.0,0.0,0.0,0.0,0.0,0.0,0.0,0.0,0.0,0.0,0.0,0.0,0.0,0.0,0.0,0.0,0.0,0.0,0.0,0.0,0.0,0.0,0.0,0.0,0.0,0.0,0.0,0.0,0.0,0.0,0.0,0.0,0.0,0.0,0.0,0.0,0.0,0.0,0.0,0.0,0.0,0.0,0.0,0.0,0.0,0.0,0.0,0.0,0.0,0.0,0.0,0.0,0.0,-0.020451809831089244,-0.020451809831089244,-0.020451809831089244,-0.03850326926820301,-0.03850326926820301,-0.03850326926820301,0.0,0.0,0.0,0.006942281310733125,0.006942281310733125,0.006942281310733125,-0.02499374074784689,-0.02499374074784689,-0.02499374074784689,0.0,0.0,0.0,7.061087446133997
17,2020-10-16,7.331324878907325,3.597848302834949,12.61249998746014,7.331324878907325,7.331324878907325,0.0,0.0,0.0,0.0,0.0,0.0,0.0,0.0,0.0,0.0,0.0,0.0,0.0,0.0,0.0,0.0,0.0,0.0,0.0,0.0,0.0,0.0,0.0,0.0,0.0,0.0,0.0,0.0,0.0,0.0,0.0,0.0,0.0,0.0,0.0,0.0,0.0,0.0,0.0,0.0,0.0,0.0,0.0,0.0,0.0,0.0,0.0,0.0,0.0,0.0,0.0,0.0,0.0,0.0,0.0,0.0,0.0,0.0,0.0,0.0,0.0,0.0,0.0,0.09397567500898502,0.09397567500898502,0.09397567500898502,0.14729686927390767,0.14729686927390767,0.14729686927390767,0.0,0.0,0.0,0.038007613544781174,0.038007613544781174,0.038007613544781174,0.015313580720141454,0.015313580720141454,0.015313580720141454,0.0,0.0,0.0,8.411206081200284
18,2020-10-26,7.300012907823577,2.8642263320365826,12.973193744228077,7.300012907823577,7.300012907823577,0.0,0.0,0.0,0.0,0.0,0.0,0.0,0.0,0.0,0.0,0.0,0.0,0.0,0.0,0.0,0.0,0.0,0.0,0.0,0.0,0.0,0.0,0.0,0.0,0.0,0.0,0.0,0.0,0.0,0.0,0.0,0.0,0.0,0.0,0.0,0.0,0.0,0.0,0.0,0.0,0.0,0.0,0.0,0.0,0.0,0.0,0.0,0.0,0.0,0.0,0.0,0.0,0.0,0.0,0.0,0.0,0.0,0.0,0.0,0.0,0.0,0.0,0.0,0.10577754824111398,0.10577754824111398,0.10577754824111398,0.10632811217280405,0.10632811217280405,0.10632811217280405,0.0,0.0,0.0,0.006942281310539589,0.006942281310539589,0.006942281310539589,-0.006391717378849526,-0.006391717378849526,-0.006391717378849526,0.0,0.0,0.0,8.07620949914956
19,2020-10-28,7.2937505136424825,3.3776350548336844,12.965315471581023,7.2937505136424825,7.2937505136424825,0.0,0.0,0.0,0.0,0.0,0.0,0.0,0.0,0.0,0.0,0.0,0.0,0.0,0.0,0.0,0.0,0.0,0.0,0.0,0.0,0.0,0.0,0.0,0.0,0.0,0.0,0.0,0.0,0.0,0.0,0.0,0.0,0.0,0.0,0.0,0.0,0.0,0.0,0.0,0.0,0.0,0.0,0.0,0.0,0.0,0.0,0.0,0.0,0.0,0.0,0.0,0.0,0.0,0.0,0.0,0.0,0.0,0.0,0.0,0.0,0.0,0.0,0.0,0.1710492268914284,0.1710492268914284,0.1710492268914284,0.10084201722936852,0.10084201722936852,0.10084201722936852,0.0,0.0,0.0,-0.03884875229801567,-0.03884875229801567,-0.03884875229801567,-0.03135845736404423,-0.03135845736404423,-0.03135845736404423,0.0,0.0,0.0,8.029267028605933
20,2020-10-31,7.284356922370843,4.361169765934867,14.258167720387606,7.284356922370843,7.284356922370843,0.0,0.0,0.0,0.0,0.0,0.0,0.0,0.0,0.0,0.0,0.0,0.0,0.0,0.0,0.0,0.0,0.0,0.0,0.0,0.0,0.0,0.0,0.0,0.0,0.0,0.0,0.0,0.0,0.0,0.0,0.0,0.0,0.0,0.0,0.0,0.0,0.0,0.0,0.0,0.0,0.0,0.0,0.0,0.0,0.0,0.0,0.0,0.0,0.0,0.0,0.0,0.0,0.0,0.0,0.0,0.0,0.0,0.0,0.0,0.0,0.0,0.0,0.0,0.21124502941457352,0.21124502941457352,0.21124502941457352,0.26008726953728106,0.26008726953728106,0.26008726953728106,0.0,0.0,0.0,0.1217737459362503,0.1217737459362503,0.1217737459362503,-0.07293150581354275,-0.07293150581354275,-0.07293150581354275,0.0,0.0,0.0,9.178925424645268
21,2020-11-04,7.271832134008656,1.3134301238088117,10.378297369163906,7.271832134008656,7.271832134008656,0.0,0.0,0.0,0.0,0.0,0.0,0.0,0.0,0.0,0.0,0.0,0.0,0.0,0.0,0.0,0.0,0.0,0.0,0.0,0.0,0.0,0.0,0.0,0.0,0.0,0.0,0.0,0.0,0.0,0.0,0.0,0.0,0.0,0.0,0.0,0.0,0.0,0.0,0.0,0.0,0.0,0.0,0.0,0.0,0.0,0.0,0.0,0.0,0.0,0.0,0.0,0.0,0.0,0.0,0.0,0.0,0.0,0.0,0.0,0.0,0.0,0.0,0.0,-0.022624952085624553,-0.022624952085624553,-0.022624952085624553,-0.18282334150079738,-0.18282334150079738,-0.18282334150079738,0.0,0.0,0.0,-0.038848752297969746,-0.038848752297969746,-0.038848752297969746,-0.12134963711720309,-0.12134963711720309,-0.12134963711720309,0.0,0.0,0.0,5.942371484436319
22,2020-11-19,7.2248641776504545,-0.8316874308271025,9.252607538428189,7.2248641776504545,7.2248641776504545,0.0,0.0,0.0,0.0,0.0,0.0,0.0,0.0,0.0,0.0,0.0,0.0,0.0,0.0,0.0,0.0,0.0,0.0,0.0,0.0,0.0,0.0,0.0,0.0,0.0,0.0,0.0,0.0,0.0,0.0,0.0,0.0,0.0,0.0,0.0,0.0,0.0,0.0,0.0,0.0,0.0,0.0,0.0,0.0,0.0,0.0,0.0,0.0,0.0,0.0,0.0,0.0,0.0,0.0,0.0,0.0,0.0,0.0,0.0,0.0,0.0,0.0,0.0,-0.2807983497156555,-0.2807983497156555,-0.2807983497156555,-0.41599217086899537,-0.41599217086899537,-0.41599217086899537,0.0,0.0,0.0,-0.08723339999994127,-0.08723339999994127,-0.08723339999994127,-0.04796042115339863,-0.04796042115339863,-0.04796042115339863,0.0,0.0,0.0,4.219377244156004
23,2020-11-27,7.19981460092608,3.74160907451854,13.5086905576157,7.19981460092608,7.19981460092608,0.0,0.0,0.0,0.0,0.0,0.0,0.0,0.0,0.0,0.0,0.0,0.0,0.0,0.0,0.0,0.0,0.0,0.0,0.0,0.0,0.0,0.0,0.0,0.0,0.0,0.0,0.0,0.0,0.0,0.0,0.0,0.0,0.0,0.0,0.0,0.0,0.0,0.0,0.0,0.0,0.0,0.0,0.0,0.0,0.0,0.0,0.0,0.0,0.0,0.0,0.0,0.0,0.0,0.0,0.0,0.0,0.0,0.0,0.0,0.0,0.0,0.0,0.0,0.14922494991767535,0.14922494991767535,0.14922494991767535,0.20632242751775878,0.20632242751775878,0.20632242751775878,0.0,0.0,0.0,0.03800761354470717,0.03800761354470717,0.03800761354470717,0.019089864055376285,0.019089864055376285,0.019089864055376285,0.0,0.0,0.0,8.685297827066954
24,2020-12-02,7.184158615473346,3.3845905873765783,13.2677747152554,7.184158615473346,7.184158615473346,0.0,0.0,0.0,0.0,0.0,0.0,0.0,0.0,0.0,0.0,0.0,0.0,0.0,0.0,0.0,0.0,0.0,0.0,0.0,0.0,0.0,0.0,0.0,0.0,0.0,0.0,0.0,0.0,0.0,0.0,0.0,0.0,0.0,0.0,0.0,0.0,0.0,0.0,0.0,0.0,0.0,0.0,0.0,0.0,0.0,0.0,0.0,0.0,0.0,0.0,0.0,0.0,0.0,0.0,0.0,0.0,0.0,0.0,0.0,0.0,0.0,0.0,0.0,0.16917719716241772,0.16917719716241772,0.16917719716241772,0.11880747127290833,0.11880747127290833,0.11880747127290833,0.0,0.0,0.0,-0.038848752298086354,-0.038848752298086354,-0.038848752298086354,-0.011520973591423064,-0.011520973591423064,-0.011520973591423064,0.0,0.0,0.0,8.037690333801212
25,2020-12-04,7.177896221292253,2.3890898400717653,12.10089700660354,7.177896221292253,7.177896221292253,0.0,0.0,0.0,0.0,0.0,0.0,0.0,0.0,0.0,0.0,0.0,0.0,0.0,0.0,0.0,0.0,0.0,0.0,0.0,0.0,0.0,0.0,0.0,0.0,0.0,0.0,0.0,0.0,0.0,0.0,0.0,0.0,0.0,0.0,0.0,0.0,0.0,0.0,0.0,0.0,0.0,0.0,0.0,0.0,0.0,0.0,0.0,0.0,0.0,0.0,0.0,0.0,0.0,0.0,0.0,0.0,0.0,0.0,0.0,0.0,0.0,0.0,0.0,0.03152332081678245,0.03152332081678245,0.03152332081678245,0.03074609604832922,0.03074609604832922,0.03074609604832922,0.0,0.0,0.0,0.03800761354434613,0.03800761354434613,0.03800761354434613,-0.03878483831279941,-0.03878483831279941,-0.03878483831279941,0.0,0.0,0.0,7.398588507937044
26,2020-12-12,7.152846644567878,1.9006809088093497,11.40320836629042,7.152846644567878,7.152846644567878,0.0,0.0,0.0,0.0,0.0,0.0,0.0,0.0,0.0,0.0,0.0,0.0,0.0,0.0,0.0,0.0,0.0,0.0,0.0,0.0,0.0,0.0,0.0,0.0,0.0,0.0,0.0,0.0,0.0,0.0,0.0,0.0,0.0,0.0,0.0,0.0,0.0,0.0,0.0,0.0,0.0,0.0,0.0,0.0,0.0,0.0,0.0,0.0,0.0,0.0,0.0,0.0,0.0,0.0,0.0,0.0,0.0,0.0,0.0,0.0,0.0,0.0,0.0,-0.020451809830890965,-0.020451809830890965,-0.020451809830890965,-0.06311834215940512,-0.06311834215940512,-0.06311834215940512,0.0,0.0,0.0,0.12177374593644325,0.12177374593644325,0.12177374593644325,-0.1644402782649574,-0.1644402782649574,-0.1644402782649574,0.0,0.0,0.0,6.70137082264229
27,2020-12-14,7.146584250386786,1.2415139161297843,11.079996529462168,7.146584250386786,7.146584250386786,0.0,0.0,0.0,0.0,0.0,0.0,0.0,0.0,0.0,0.0,0.0,0.0,0.0,0.0,0.0,0.0,0.0,0.0,0.0,0.0,0.0,0.0,0.0,0.0,0.0,0.0,0.0,0.0,0.0,0.0,0.0,0.0,0.0,0.0,0.0,0.0,0.0,0.0,0.0,0.0,0.0,0.0,0.0,0.0,0.0,0.0,0.0,0.0,0.0,0.0,0.0,0.0,0.0,0.0,0.0,0.0,0.0,0.0,0.0,0.0,0.0,0.0,0.0,0.01927551084486947,0.01927551084486947,0.01927551084486947,-0.15604304386159137,-0.15604304386159137,-0.15604304386159137,0.0,0.0,0.0,0.0069422813110993666,0.0069422813110993666,0.0069422813110993666,-0.1822608360175602,-0.1822608360175602,-0.1822608360175602,0.0,0.0,0.0,6.031409490743123
28,2020-12-15,7.143453053207725,0.264960321280761,10.197189498610964,7.143453053207725,7.143453053207725,0.0,0.0,0.0,0.0,0.0,0.0,0.0,0.0,0.0,0.0,0.0,0.0,0.0,0.0,0.0,0.0,0.0,0.0,0.0,0.0,0.0,0.0,0.0,0.0,0.0,0.0,0.0,0.0,0.0,0.0,0.0,0.0,0.0,0.0,0.0,0.0,0.0,0.0,0.0,0.0,0.0,0.0,0.0,0.0,0.0,0.0,0.0,0.0,0.0,0.0,0.0,0.0,0.0,0.0,0.0,0.0,0.0,0.0,0.0,0.0,0.0,0.0,0.0,0.07628488538248097,0.07628488538248097,0.07628488538248097,-0.3221299897740964,-0.3221299897740964,-0.3221299897740964,0.0,0.0,0.0,-0.2114327868890113,-0.2114327868890113,-0.2114327868890113,-0.18698208826756607,-0.18698208826756607,-0.18698208826756607,0.0,0.0,0.0,4.842332594226184
29,2020-12-18,7.134059461670547,0.46973265496580957,10.237197595592912,7.134059461670547,7.134059461670547,0.0,0.0,0.0,0.0,0.0,0.0,0.0,0.0,0.0,0.0,0.0,0.0,0.0,0.0,0.0,0.0,0.0,0.0,0.0,0.0,0.0,0.0,0.0,0.0,0.0,0.0,0.0,0.0,0.0,0.0,0.0,0.0,0.0,0.0,0.0,0.0,0.0,0.0,0.0,0.0,0.0,0.0,0.0,0.0,0.0,0.0,0.0,0.0,0.0,0.0,0.0,0.0,0.0,0.0,0.0,0.0,0.0,0.0,0.0,0.0,0.0,0.0,0.0,-0.10756872933678815,-0.10756872933678815,-0.10756872933678815,-0.2513541016294552,-0.2513541016294552,-0.2513541016294552,0.0,0.0,0.0,0.038007613544344794,0.038007613544344794,0.038007613544344794,-0.18179298583701187,-0.18179298583701187,-0.18179298583701187,0.0,0.0,0.0,5.340884354711232
30,2021-01-05,7.077697912447474,1.376348658878968,10.87814640597566,7.077697912447474,7.077697912447474,0.0,0.0,0.0,0.0,0.0,0.0,0.0,0.0,0.0,0.0,0.0,0.0,0.0,0.0,0.0,0.0,0.0,0.0,0.0,0.0,0.0,0.0,0.0,0.0,0.0,0.0,0.0,0.0,0.0,0.0,0.0,0.0,0.0,0.0,0.0,0.0,0.0,0.0,0.0,0.0,0.0,0.0,0.0,0.0,0.0,0.0,0.0,0.0,0.0,0.0,0.0,0.0,0.0,0.0,0.0,0.0,0.0,0.0,0.0,0.0,0.0,0.0,0.0,-0.13446985157260471,-0.13446985157260471,-0.13446985157260471,-0.16407880133585231,-0.16407880133585231,-0.16407880133585231,0.0,0.0,0.0,-0.21143278688897812,-0.21143278688897812,-0.21143278688897812,0.18182383712573053,0.18182383712573053,0.18182383712573053,0.0,0.0,0.0,5.916397722755828
31,2021-01-25,7.015073968866281,1.2358117419768142,11.204749426226027,7.015073968866281,7.015073968866281,0.0,0.0,0.0,0.0,0.0,0.0,0.0,0.0,0.0,0.0,0.0,0.0,0.0,0.0,0.0,0.0,0.0,0.0,0.0,0.0,0.0,0.0,0.0,0.0,0.0,0.0,0.0,0.0,0.0,0.0,0.0,0.0,0.0,0.0,0.0,0.0,0.0,0.0,0.0,0.0,0.0,0.0,0.0,0.0,0.0,0.0,0.0,0.0,0.0,0.0,0.0,0.0,0.0,0.0,0.0,0.0,0.0,0.0,0.0,0.0,0.0,0.0,0.0,0.10186558287689762,0.10186558287689762,0.10186558287689762,-0.11990071038053843,-0.11990071038053843,-0.11990071038053843,0.0,0.0,0.0,0.006942281311137343,0.006942281311137343,0.006942281311137343,-0.22870857456857338,-0.22870857456857338,-0.22870857456857338,0.0,0.0,0.0,6.1739616166271905
32,2021-01-29,7.002549180150042,1.6528944716832121,11.757901108116382,7.002549180150042,7.002549180150042,0.0,0.0,0.0,0.0,0.0,0.0,0.0,0.0,0.0,0.0,0.0,0.0,0.0,0.0,0.0,0.0,0.0,0.0,0.0,0.0,0.0,0.0,0.0,0.0,0.0,0.0,0.0,0.0,0.0,0.0,0.0,0.0,0.0,0.0,0.0,0.0,0.0,0.0,0.0,0.0,0.0,0.0,0.0,0.0,0.0,0.0,0.0,0.0,0.0,0.0,0.0,0.0,0.0,0.0,0.0,0.0,0.0,0.0,0.0,0.0,0.0,0.0,0.0,0.21797369908286407,0.21797369908286407,0.21797369908286407,-0.04592471082347769,-0.04592471082347769,-0.04592471082347769,0.0,0.0,0.0,0.038007613544851535,0.038007613544851535,0.038007613544851535,-0.30190602345119333,-0.30190602345119333,-0.30190602345119333,0.0,0.0,0.0,6.68095913402447
33,2021-02-01,6.993155588612863,1.0705693007882668,10.758412320252582,6.993155588612863,6.993155588612863,0.0,0.0,0.0,0.0,0.0,0.0,0.0,0.0,0.0,0.0,0.0,0.0,0.0,0.0,0.0,0.0,0.0,0.0,0.0,0.0,0.0,0.0,0.0,0.0,0.0,0.0,0.0,0.0,0.0,0.0,0.0,0.0,0.0,0.0,0.0,0.0,0.0,0.0,0.0,0.0,0.0,0.0,0.0,0.0,0.0,0.0,0.0,0.0,0.0,0.0,0.0,0.0,0.0,0.0,0.0,0.0,0.0,0.0,0.0,0.0,0.0,0.0,0.0,0.16917719716245655,0.16917719716245655,0.16917719716245655,-0.1490438852978875,-0.1490438852978875,-0.1490438852978875,0.0,0.0,0.0,0.006942281310703041,0.006942281310703041,0.006942281310703041,-0.3251633637710471,-0.3251633637710471,-0.3251633637710471,0.0,0.0,0.0,5.950868509193366
34,2021-02-20,6.9336628422107305,-0.17466943651357109,9.609208280463436,6.9336628422107305,6.9336628422107305,0.0,0.0,0.0,0.0,0.0,0.0,0.0,0.0,0.0,0.0,0.0,0.0,0.0,0.0,0.0,0.0,0.0,0.0,0.0,0.0,0.0,0.0,0.0,0.0,0.0,0.0,0.0,0.0,0.0,0.0,0.0,0.0,0.0,0.0,0.0,0.0,0.0,0.0,0.0,0.0,0.0,0.0,0.0,0.0,0.0,0.0,0.0,0.0,0.0,0.0,0.0,0.0,0.0,0.0,0.0,0.0,0.0,0.0,0.0,0.0,0.0,0.0,0.0,-0.2376635697180937,-0.2376635697180937,-0.2376635697180937,-0.31460001378491,-0.31460001378491,-0.31460001378491,0.0,0.0,0.0,0.12177374593605728,0.12177374593605728,0.12177374593605728,-0.19871019000287357,-0.19871019000287357,-0.19871019000287357,0.0,0.0,0.0,4.752332416471317
35,2021-02-24,6.9211380534944915,1.5754346276806654,11.003068088333361,6.9211380534944915,6.9211380534944915,0.0,0.0,0.0,0.0,0.0,0.0,0.0,0.0,0.0,0.0,0.0,0.0,0.0,0.0,0.0,0.0,0.0,0.0,0.0,0.0,0.0,0.0,0.0,0.0,0.0,0.0,0.0,0.0,0.0,0.0,0.0,0.0,0.0,0.0,0.0,0.0,0.0,0.0,0.0,0.0,0.0,0.0,0.0,0.0,0.0,0.0,0.0,0.0,0.0,0.0,0.0,0.0,0.0,0.0,0.0,0.0,0.0,0.0,0.0,0.0,0.0216225,0.0216225,0.0216225,0.09961754826380792,0.09961754826380792,0.09961754826380792,-0.09891702761528567,-0.09891702761528567,-0.09891702761528567,0.0216225,0.0216225,0.0216225,-0.03884875229798469,-0.03884875229798469,-0.03884875229798469,-0.18130832358110888,-0.18130832358110888,-0.18130832358110888,0.0,0.0,0.0,6.236519649527772
36,2021-02-28,6.9086132647782525,3.7485858144706747,13.179993315715182,6.9086132647782525,6.9086132647782525,0.0,0.0,0.0,0.0,0.0,0.0,0.0,0.0,0.0,0.0,0.0,0.0,0.0,0.0,0.0,0.0,0.0,0.0,0.0,0.0,0.0,0.0,0.0,0.0,0.0,0.0,0.0,0.0,0.0,0.0,0.0,0.0,0.0,0.0,0.0,0.0,0.0,0.0,0.0,0.0,0.0,0.0,0.0,0.0,0.0,0.0,0.0,0.0,0.0,0.0,0.0,0.0,0.0,0.0,0.0,0.0,0.0,0.0,0.0,0.0,0.0,0.0,0.0,0.20789550733910248,0.20789550733910248,0.20789550733910248,0.22390211338298266,0.22390211338298266,0.22390211338298266,0.0,0.0,0.0,0.170791298395074,0.170791298395074,0.170791298395074,-0.1547846923511938,-0.1547846923511938,-0.1547846923511938,0.0,0.0,0.0,8.455466375307811
37,2021-03-01,6.905482067570404,2.738181419050311,12.184040052081293,6.905482067570404,6.905482067570404,0.0,0.0,0.0,0.0,0.0,0.0,0.0,0.0,0.0,0.0,0.0,0.0,0.0,0.0,0.0,0.0,0.0,0.0,0.0,0.0,0.0,0.0,0.0,0.0,0.0,0.0,0.0,0.0,0.0,0.0,0.0,0.0,0.0,0.0,0.0,0.0,0.0,0.0,0.0,0.0,0.0,0.0,0.0,0.0,0.0,0.0,0.0,0.0,0.0,0.0,0.0,0.0,0.0,0.0,0.0,0.0,0.0,0.0,0.0,0.0,0.0,0.0,0.0,0.2213221333208636,0.2213221333208636,0.2213221333208636,0.08330659434851984,0.08330659434851984,0.08330659434851984,0.0,0.0,0.0,0.006942281310934547,0.006942281310934547,0.006942281310934547,-0.14495782028327828,-0.14495782028327828,-0.14495782028327828,0.0,0.0,0.0,7.48075426095447
38,2021-03-08,6.883563687115453,0.10311430588647828,10.113679905597131,6.883563687115453,6.883563687115453,0.0,0.0,0.0,0.0,0.0,0.0,0.0,0.0,0.0,-0.00173786,-0.00173786,-0.00173786,0.0,0.0,0.0,0.0,0.0,0.0,0.0,0.0,0.0,0.0,0.0,0.0,0.0,0.0,0.0,0.0,0.0,0.0,0.0,0.0,0.0,0.0,0.0,0.0,0.0,0.0,0.0,0.0,0.0,0.0,0.0,0.0,0.0,0.0,0.0,0.0,0.0,0.0,0.0,0.0,0.0,0.0,0.0,0.0,0.0,0.0,0.0,0.0,-0.00173786,-0.00173786,-0.00173786,-0.21095988317926637,-0.21095988317926637,-0.21095988317926637,-0.23394786199093168,-0.23394786199093168,-0.23394786199093168,0.0,0.0,0.0,0.006942281310837774,0.006942281310837774,0.006942281310837774,-0.02819240012250309,-0.02819240012250309,-0.02819240012250309,0.0,0.0,0.0,5.273168679636378
39,2021-03-22,6.839726926205554,1.9488498945577204,11.831179246807826,6.839726926205554,6.839726926205554,0.0,0.0,0.0,0.0,0.0,0.0,0.0,0.0,0.0,0.0,0.0,0.0,0.0,0.0,0.0,0.0,0.0,0.0,0.0,0.0,0.0,0.0,0.0,0.0,0.0,0.0,0.0,0.0253015,0.0253015,0.0253015,0.0,0.0,0.0,0.0,0.0,0.0,0.0,0.0,0.0,0.0,0.0,0.0,0.0,0.0,0.0,0.0,0.0,0.0,0.0,0.0,0.0,0.0,0.0,0.0,0.0,0.0,0.0,0.0,0.0,0.0,0.0253015,0.0253015,0.0253015,-0.2781670408174994,-0.2781670408174994,-0.2781670408174994,-0.02143040896749517,-0.02143040896749517,-0.02143040896749517,0.0,0.0,0.0,0.006942281311600334,0.006942281311600334,0.006942281311600334,0.22449285053840387,0.22449285053840387,0.22449285053840387,0.0,0.0,0.0,6.69314878095098
40,2021-03-26,6.827202137374155,4.409607446873797,14.169724457199202,6.827202137374155,6.827202137374155,0.0,0.0,0.0,0.0,0.0,0.0,0.0,0.0,0.0,0.0,0.0,0.0,0.0,0.0,0.0,0.0,0.0,0.0,0.0,0.0,0.0,0.0,0.0,0.0,0.0,0.0,0.0,0.0,0.0,0.0,0.0,0.0,0.0,0.0,0.0,0.0,0.0,0.0,0.0,0.0,0.0,0.0,0.0,0.0,0.0,0.0,0.0,0.0,0.0,0.0,0.0,0.0,0.0,0.0,0.0,0.0,0.0,0.0,0.0,0.0,0.0,0.0,0.0,0.09409355822672989,0.09409355822672989,0.09409355822672989,0.32862414500161213,0.32862414500161213,0.32862414500161213,0.0,0.0,0.0,0.038007613544776206,0.038007613544776206,0.038007613544776206,0.196522973230106,0.196522973230106,0.196522973230106,0.0,0.0,0.0,9.070785602521916
41,2021-03-29,6.817808545750605,3.876286237616347,13.477689108641147,6.817808545750605,6.817808545750605,0.0,0.0,0.0,0.0,0.0,0.0,0.0,0.0,0.0,0.0,0.0,0.0,0.0,0.0,0.0,0.0,0.0,0.0,0.0,0.0,0.0,0.0,0.0,0.0,0.0,0.0,0.0,0.0,0.0,0.0,0.0,0.0,0.0,0.0,0.0,0.0,0.0,0.0,0.0,0.0,0.0,0.0,0.0,0.0,0.0,0.0,0.0,0.0,0.0,0.0,0.0,0.0,0.0,0.0,0.0,0.0,0.0,0.0,0.0,0.0,0.0,0.0,0.0,0.1492249499174327,0.1492249499174327,0.1492249499174327,0.29330600138213764,0.29330600138213764,0.29330600138213764,0.0,0.0,0.0,0.006942281311166042,0.006942281311166042,0.006942281311166042,0.13713877015353895,0.13713877015353895,0.13713877015353895,0.0,0.0,0.0,8.817512708493682
42,2021-03-30,6.814677348542755,2.3640559238679097,12.583337568181275,6.814677348542755,6.814677348542755,0.0,0.0,0.0,0.0,0.0,0.0,0.0,0.0,0.0,0.0,0.0,0.0,0.0,0.0,0.0,0.0,0.0,0.0,0.0,0.0,0.0,0.0,0.0,0.0,0.0,0.0,0.0,0.0,0.0,0.0,0.0,0.0,0.0,0.0,0.0,0.0,0.0,0.0,0.0,0.0,0.0,0.0,0.0,0.0,0.0,0.0,0.0,0.0,0.0,0.0,0.0,0.0,0.0,0.0,0.0,0.0,0.0,0.0,0.0,0.0,0.0,0.0,0.0,0.1916124800357975,0.1916124800357975,0.1916124800357975,0.09171272368973693,0.09171272368973693,0.09171272368973693,0.0,0.0,0.0,-0.21143278688914136,-0.21143278688914136,-0.21143278688914136,0.11153303054308075,0.11153303054308075,0.11153303054308075,0.0,0.0,0.0,7.439669969244365
43,2021-03-31,6.811546151334905,3.7321030149492778,13.942405196626718,6.811546151334905,6.811546151334905,0.0,0.0,0.0,0.0,0.0,0.0,0.0,0.0,0.0,0.0,0.0,0.0,0.0,0.0,0.0,0.0,0.0,0.0,0.0,0.0,0.0,0.0,0.0,0.0,0.0,0.0,0.0,0.0,0.0,0.0,0.0,0.0,0.0,0.0,0.0,0.0,0.0,0.0,0.0,0.0,0.0,0.0,0.0,0.0,0.0,0.0,0.0,0.0,0.0,0.0,0.0,0.0,0.0,0.0,0.0,0.0,0.0,0.0,0.0,0.0,0.0,0.0,0.0,0.21797369908285735,0.21797369908285735,0.21797369908285735,0.26290157782079315,0.26290157782079315,0.26290157782079315,0.0,0.0,0.0,-0.0388487522980554,-0.0388487522980554,-0.0388487522980554,0.08377663103599121,0.08377663103599121,0.08377663103599121,0.0,0.0,0.0,8.602312381920004
44,2021-04-14,6.767709390425006,0.08597894265991889,9.8914490903496,6.767709390425006,6.767709390425006,0.0,0.0,0.0,0.0,0.0,0.0,0.0,0.0,0.0,0.0,0.0,0.0,0.0,0.0,0.0,0.0,0.0,0.0,0.0,0.0,0.0,0.0,0.0,0.0,0.0,0.0,0.0,0.0,0.0,0.0,0.0,0.0,0.0,0.0,0.0,0.0,0.0,0.0,0.0,0.0,0.0,0.0,0.0,0.0,0.0,0.0,0.0,0.0,0.0,0.0,0.0,0.0,0.0,0.0,0.0,0.0,0.0,0.0,0.0,0.0,0.0,0.0,0.0,-0.019569135376807274,-0.019569135376807274,-0.019569135376807274,-0.25595424773950465,-0.25595424773950465,-0.25595424773950465,0.0,0.0,0.0,-0.038848752297887965,-0.038848752297887965,-0.038848752297887965,-0.19753636006480937,-0.19753636006480937,-0.19753636006480937,0.0,0.0,0.0,5.035485424479192
45,2021-04-27,6.727003826722957,2.1003134713684095,12.330936745690515,6.727003826722957,6.727003826722957,0.0,0.0,0.0,0.0,0.0,0.0,0.0,0.0,0.0,0.0,0.0,0.0,0.0,0.0,0.0,0.0,0.0,0.0,0.0,0.0,0.0,0.0,0.0,0.0,0.0,0.0,0.0,0.0,0.0,0.0,0.0,0.0,0.0,0.0,0.0,0.0,0.0,0.0,0.0,0.0,0.0,0.0,0.0,0.0,0.0,0.0,0.0,0.0,0.0,0.0,0.0,0.0,0.0,0.0,0.0,0.0,0.0,0.0,0.0,0.0,0.0,0.0,0.0,0.10577754824108426,0.10577754824108426,0.10577754824108426,0.06411561035370858,0.06411561035370858,0.06411561035370858,0.0,0.0,0.0,-0.2114327868891062,-0.2114327868891062,-0.2114327868891062,0.16977084900173048,0.16977084900173048,0.16977084900173048,0.0,0.0,0.0,7.158309782925032
46,2021-04-30,6.717610237734116,5.508352131836525,14.98421709530749,6.717610237734116,6.717610237734116,0.0,0.0,0.0,0.0,0.0,0.0,0.0,0.0,0.0,0.0,0.0,0.0,0.0,0.0,0.0,0.0,0.0,0.0,0.0,0.0,0.0,0.0,0.0,0.0,0.0,0.0,0.0,0.0,0.0,0.0,0.0,0.0,0.0,0.0,0.0,0.0,0.0,0.0,0.0,0.0,0.0,0.0,0.0,0.0,0.0,0.0,0.0,0.0,0.0,0.0,0.0,0.0,0.0,0.0,0.0,0.0,0.0,0.0,0.0,0.0,0.0,0.0,0.0,0.20789550733905965,0.20789550733905965,0.20789550733905965,0.5103410944257312,0.5103410944257312,0.5103410944257312,0.0,0.0,0.0,0.03800761354499325,0.03800761354499325,0.03800761354499325,0.26443797354167814,0.26443797354167814,0.26443797354167814,0.0,0.0,0.0,10.14588279838484
47,2021-05-01,6.714479041404501,6.16517003822997,16.368629575358824,6.714479041404501,6.714479041404501,0.0,0.0,0.0,0.0,0.0,0.0,0.0,0.0,0.0,0.0,0.0,0.0,0.0,0.0,0.0,0.0566964,0.0566964,0.0566964,0.0,0.0,0.0,0.0,0.0,0.0,0.0,0.0,0.0,0.0,0.0,0.0,0.0,0.0,0.0,0.0,0.0,0.0,0.0,0.0,0.0,0.0,0.0,0.0,0.0,0.0,0.0,0.0,0.0,0.0,0.0,0.0,0.0,0.0,0.0,0.0,0.0,0.0,0.0,0.0,0.0,0.0,0.0566964,0.0566964,0.0566964,0.22132213332074502,0.22132213332074502,0.22132213332074502,0.6888278185228043,0.6888278185228043,0.6888278185228043,0.0,0.0,0.0,0.12177374593567133,0.12177374593567133,0.12177374593567133,0.289035539266388,0.289035539266388,0.289035539266388,0.0,0.0,0.0,11.339598992012254
48,2021-05-05,6.701954256086045,4.4009518236839895,14.27175697680354,6.701954256086045,6.701954256086045,0.0,0.0,0.0,0.0,0.0,0.0,0.0,0.0,0.0,0.0,0.0,0.0,0.0,0.0,0.0,0.0,0.0,0.0,0.0,0.0,0.0,0.0,0.0,0.0,0.0,0.0,0.0,0.0,0.0,0.0,0.0,0.0,0.0,0.0,0.0,0.0,0.0,0.0,0.0,0.0,0.0,0.0,0.0,0.0,0.0,0.0,0.0,0.0,0.0,0.0,0.0,0.0,0.0,0.0,0.0,0.0,0.0,0.0,0.0,0.0,0.0,0.0,0.0,0.07865461494236971,0.07865461494236971,0.07865461494236971,0.3794119189679336,0.3794119189679336,0.3794119189679336,0.0,0.0,0.0,-0.03884875229805046,-0.03884875229805046,-0.03884875229805046,0.3396060563236143,0.3396060563236143,0.3396060563236143,0.0,0.0,0.0,9.24475558122296
49,2021-05-17,6.664379900130674,2.6026898211082523,12.265137173018617,6.664379900130674,6.664379900130674,0.0,0.0,0.0,0.0,0.0,0.0,0.0,0.0,0.0,0.0,0.0,0.0,0.0,0.0,0.0,0.0,0.0,0.0,0.0,0.0,0.0,0.0,0.0,0.0,0.0,0.0,0.0,0.0,0.0,0.0,0.0,0.0,0.0,0.0,0.0,0.0,0.0,0.0,0.0,0.0,0.0,0.0,0.0,0.0,0.0,0.0,0.0,0.0,0.0,0.0,0.0,0.0,0.0,0.0,0.0,0.0,0.0,0.0,0.0,0.0,0.0,0.0,0.0,0.09382005916240152,0.09382005916240152,0.09382005916240152,0.13855844293038883,0.13855844293038883,0.13855844293038883,0.0,0.0,0.0,0.006942281310769717,0.006942281310769717,0.006942281310769717,0.03779610245721761,0.03779610245721761,0.03779610245721761,0.0,0.0,0.0,7.58778600218936
50,2021-05-26,6.636199133164148,1.0761377258491833,10.207397782964229,6.636199133164148,6.636199133164148,0.0,0.0,0.0,0.0,0.0,0.0,0.0,0.0,0.0,0.0,0.0,0.0,0.0,0.0,0.0,0.0,0.0,0.0,0.0,0.0,0.0,0.0,0.0,0.0,0.0,0.0,0.0,0.0,0.0,0.0,0.0,0.0,0.0,0.0,0.0,0.0,0.0,0.0,0.0,0.0,0.0,0.0,0.0,0.0,0.0,0.0,0.0,0.0,0.0,0.0,0.0,0.0,0.0,0.0,0.0,0.0,0.0,0.0,0.0,0.0,0.0,0.0,0.0,0.09409355822691787,0.09409355822691787,0.09409355822691787,-0.16772620743930045,-0.16772620743930045,-0.16772620743930045,0.0,0.0,0.0,-0.038848752298250785,-0.038848752298250785,-0.038848752298250785,-0.22297101336796754,-0.22297101336796754,-0.22297101336796754,0.0,0.0,0.0,5.523134620746552
51,2021-05-27,6.633067936834534,0.3571776402768511,9.891590369347872,6.633067936834534,6.633067936834534,0.0,0.0,0.0,0.0,0.0,0.0,0.0,0.0,0.0,0.0,0.0,0.0,0.0,0.0,0.0,0.0,0.0,0.0,0.0,0.0,0.0,0.0,0.0,0.0,0.0,0.0,0.0,0.0,0.0,0.0,0.0,0.0,0.0,0.0,0.0,0.0,0.0,0.0,0.0,0.0,0.0,0.0,0.0,0.0,0.0,0.0,0.0,0.0,0.0,0.0,0.0,0.0,0.0,0.0,0.0,0.0,0.0,0.0,0.0,0.0,0.0,0.0,0.0,0.10186558287687662,0.10186558287687662,0.10186558287687662,-0.21558425708542434,-0.21558425708542434,-0.21558425708542434,0.0,0.0,0.0,-0.08723339999992691,-0.08723339999992691,-0.08723339999992691,-0.230216439962374,-0.230216439962374,-0.230216439962374,0.0,0.0,0.0,5.203082913474913
52,2021-05-28,6.62993674050492,1.4938680676671423,10.977078300196016,6.62993674050492,6.62993674050492,0.0,0.0,0.0,0.0,0.0,0.0,0.0,0.0,0.0,0.0,0.0,0.0,0.0,0.0,0.0,0.0,0.0,0.0,0.0,0.0,0.0,0.0,0.0,0.0,0.0,0.0,0.0,0.0,0.0,0.0,0.0,0.0,0.0,0.0,0.0,0.0,0.0,0.0,0.0,0.0,0.0,0.0,0.0,0.0,0.0,0.0,0.0,0.0,0.0,0.0,0.0,0.0,0.0,0.0,0.0,0.0,0.0,0.0,0.0,0.0,0.0,0.0,0.0,0.11464463994284893,0.11464463994284893,0.11464463994284893,-0.0792507886753315,-0.0792507886753315,-0.0792507886753315,0.0,0.0,0.0,0.0380076135449206,0.0380076135449206,0.0380076135449206,-0.231903042163101,-0.231903042163101,-0.231903042163101,0.0,0.0,0.0,6.104509024952349
53,2021-05-29,6.626805544175306,1.6659691689963028,11.746172051060892,6.626805544175306,6.626805544175306,0.0,0.0,0.0,0.0,0.0,0.0,0.0,0.0,0.0,0.0,0.0,0.0,0.0,0.0,0.0,0.0,0.0,0.0,0.0,0.0,0.0,0.0,0.0,0.0,0.0,0.0,0.0,0.0,0.0,0.0,0.0,0.0,0.0,0.0,0.0,0.0,0.0,0.0,0.0,0.0,0.0,0.0,0.0,0.0,0.0,0.0,0.0,0.0,0.0,0.0,0.0,0.0,0.0,0.0,0.0,0.0,0.0,0.0,0.0,0.0,0.0,0.0,0.0,0.14922494991753454,0.14922494991753454,0.14922494991753454,0.042990088229080174,0.042990088229080174,0.042990088229080174,0.0,0.0,0.0,0.1217737459358586,0.1217737459358586,0.1217737459358586,-0.228008607624313,-0.228008607624313,-0.228008607624313,0.0,0.0,0.0,6.911692499196359
54,2021-06-04,6.608018366197621,2.1586927003875482,11.980770262637753,6.608018366197621,6.608018366197621,0.0,0.0,0.0,0.0,0.0,0.0,0.0,0.0,0.0,0.0,0.0,0.0,0.0,0.0,0.0,0.0,0.0,0.0,0.0,0.0,0.0,0.0,0.0,0.0,0.0,0.0,0.0,0.0,0.0,0.0,0.0,0.0,0.0,0.0,0.0,0.0,0.0,0.0,0.0,0.0,0.0,0.0,0.0,0.0,0.0,0.0,0.0,0.0,0.0,0.0,0.0,0.0,0.0,0.0,0.0,0.0,0.0,0.0,0.0,0.0,0.0,0.0,0.0,0.11696411932647205,0.11696411932647205,0.11696411932647205,0.05524159545206809,0.05524159545206809,0.05524159545206809,0.0,0.0,0.0,0.03800761354491992,0.03800761354491992,0.03800761354491992,-0.0997301374193239,-0.0997301374193239,-0.0997301374193239,0.0,0.0,0.0,6.973055843522947
55,2021-06-11,6.586099993470458,2.891534698503143,12.454537037125077,6.586099993470458,6.586099993470458,0.0,0.0,0.0,0.0,0.0,0.0,0.0,0.0,0.0,0.0,0.0,0.0,0.0,0.0,0.0,0.0,0.0,0.0,0.0,0.0,0.0,0.0,0.0,0.0,0.0,0.0,0.0,0.0,0.0,0.0,0.0,0.0,0.0,0.0,0.0,0.0,0.0,0.0,0.0,0.0,0.0,0.0,0.0,0.0,0.0,0.0,0.0,0.0,0.0,0.0,0.0,0.0,0.0,0.0,0.0,0.0,0.0,0.0,0.0,0.0,0.0,0.0,0.0,-0.03917190770800768,-0.03917190770800768,-0.03917190770800768,0.16224242467734346,0.16224242467734346,0.16224242467734346,0.0,0.0,0.0,0.038007613544919244,0.038007613544919244,0.038007613544919244,0.1634067188404319,0.1634067188404319,0.1634067188404319,0.0,0.0,0.0,7.654644825578541
56,2021-06-14,6.576706405158816,2.928738437040771,12.9057345284128,6.576706405158816,6.576706405158816,0.0,0.0,0.0,0.0,0.0,0.0,0.0,0.0,0.0,0.0,0.0,0.0,0.0,0.0,0.0,0.0,0.0,0.0,0.0,0.0,0.0,0.0,0.0,0.0,0.0,0.0,0.0,0.0,0.0,0.0,0.0,0.0,0.0,0.0,0.0,0.0,0.0,0.0,0.0,0.0,0.0,0.0,0.0,0.0,0.0,0.0,0.0,0.0,0.0,0.0,0.0,0.0,0.0,0.0,0.0,0.0,0.0,0.0,0.0,0.0,0.0,0.0,0.0,-0.019569135376743985,-0.019569135376743985,-0.019569135376743985,0.24368833423657937,0.24368833423657937,0.24368833423657937,0.0,0.0,0.0,0.0069422813100451265,0.0069422813100451265,0.0069422813100451265,0.25631518830327826,0.25631518830327826,0.25631518830327826,0.0,0.0,0.0,8.179373033795011
57,2021-06-15,6.573575209054936,2.1823423619206808,11.609851286364876,6.573575209054936,6.573575209054936,0.0,0.0,0.0,0.0,0.0,0.0,0.0,0.0,0.0,0.0,0.0,0.0,0.0,0.0,0.0,0.0,0.0,0.0,0.0,0.0,0.0,0.0,0.0,0.0,0.0,0.0,0.0,0.0,0.0,0.0,0.0,0.0,0.0,0.0,0.0,0.0,0.0,0.0,0.0,0.0,0.0,0.0,0.0,0.0,0.0,0.0,0.0,0.0,0.0,0.0,0.0,0.0,0.0,0.0,0.0,0.0,0.0,0.0,0.0,0.0,0.0,0.0,0.0,0.019275510844876192,0.019275510844876192,0.019275510844876192,0.0874755111302217,0.0874755111302217,0.0874755111302217,0.0,0.0,0.0,-0.21143278688903788,-0.21143278688903788,-0.21143278688903788,0.27963278717438345,0.27963278717438345,0.27963278717438345,0.0,0.0,0.0,7.148602060419971
58,2021-06-18,6.564181620743295,4.249305257697154,13.967201118403459,6.564181620743295,6.564181620743295,0.0,0.0,0.0,0.0,0.0,0.0,0.0,0.0,0.0,0.0,0.0,0.0,0.0,0.0,0.0,0.0,0.0,0.0,0.0,0.0,0.0,0.0,0.0,0.0,0.0,0.0,0.0,0.0,0.0,0.0,0.0,0.0,0.0,0.0,0.0,0.0,0.0,0.0,0.0,0.0,0.0,0.0,0.0,0.0,0.0,0.0,0.0,0.0,0.0,0.0,0.0,0.0,0.0,0.0,0.0,0.0,0.0,0.0,0.0,0.0,0.0,0.0,0.0,0.027915045162426197,0.027915045162426197,0.027915045162426197,0.3860131028374408,0.3860131028374408,0.3860131028374408,0.0,0.0,0.0,0.038007613544267856,0.038007613544267856,0.038007613544267856,0.3200904441307467,0.3200904441307467,0.3200904441307467,0.0,0.0,0.0,9.098041735754915
59,2021-06-28,6.532869659704489,3.113824032974558,13.297893166870768,6.532869659704489,6.532869659704489,0.0,0.0,0.0,0.0,0.0,0.0,0.0,0.0,0.0,0.0,0.0,0.0,0.0,0.0,0.0,0.0,0.0,0.0,0.0,0.0,0.0,0.0,0.0,0.0,0.0,0.0,0.0,0.0,0.0,0.0,0.0,0.0,0.0,0.0,0.0,0.0,0.0,0.0,0.0,0.0,0.0,0.0,0.0,0.0,0.0,0.0,0.0,0.0,0.0,0.0,0.0,0.0,0.0,0.0,0.0,0.0,0.0,0.0,0.0,0.0,0.0,0.0,0.0,0.12951124827452692,0.12951124827452692,0.12951124827452692,0.2546793642599534,0.2546793642599534,0.2546793642599534,0.0,0.0,0.0,0.006942281310807694,0.006942281310807694,0.006942281310807694,0.11822583467461881,0.11822583467461881,0.11822583467461881,0.0,0.0,0.0,8.196656751431167
60,2021-06-30,6.526607267496728,3.195543448371111,12.875783734304402,6.526607267496728,6.526607267496728,0.0,0.0,0.0,0.0,0.0,0.0,0.0,0.0,0.0,0.0,0.0,0.0,0.0,0.0,0.0,0.0,0.0,0.0,0.0,0.0,0.0,0.0,0.0,0.0,0.0,0.0,0.0,0.0,0.0,0.0,0.0,0.0,0.0,0.0,0.0,0.0,0.0,0.0,0.0,0.0,0.0,0.0,0.0,0.0,0.0,0.0,0.0,0.0,0.0,0.0,0.0,0.0,0.0,0.0,0.0,0.0,0.0,0.0,0.0,0.0,0.0,0.0,0.0,0.20789550733909898,0.20789550733909898,0.20789550733909898,0.20402420067933635,0.20402420067933635,0.20402420067933635,0.0,0.0,0.0,-0.038848752297907796,-0.038848752297907796,-0.038848752297907796,0.03497744563814524,0.03497744563814524,0.03497744563814524,0.0,0.0,0.0,7.858193098395695
61,2021-07-01,6.523476071392848,2.1184361260169142,11.888405403764908,6.523476071392848,6.523476071392848,0.0,0.0,0.0,0.0,0.0,0.0,0.0,0.0,0.0,0.0,0.0,0.0,0.0,0.0,0.0,0.0,0.0,0.0,0.0,0.0,0.0,0.0,0.0,0.0,0.0,0.0,0.0,0.0,0.0,0.0,0.0,0.0,0.0,0.0,0.0,0.0,0.0,0.0,0.0,0.0,0.0,0.0,0.0,0.0,0.0,0.0,0.0,0.0,0.0,0.0,0.0,0.0,0.0,0.0,0.0,0.0,0.0,0.0,0.0,0.0,0.0,0.0,0.0,0.22132213332083286,0.22132213332083286,0.22132213332083286,0.12606330480270514,0.12606330480270514,0.12606330480270514,0.0,0.0,0.0,-0.0872334000000535,-0.0872334000000535,-0.0872334000000535,-0.008025428518074208,-0.008025428518074208,-0.008025428518074208,0.0,0.0,0.0,7.345847023753998
62,2021-07-02,6.520344875288967,3.089904748713167,12.713953882818759,6.520344875288967,6.520344875288967,0.0,0.0,0.0,0.0,0.0,0.0,0.0,0.0,0.0,0.0,0.0,0.0,0.0,0.0,0.0,0.0,0.0,0.0,0.0,0.0,0.0,0.0,0.0,0.0,0.0,0.0,0.0,0.0,0.0,0.0,0.0,0.0,0.0,0.0,0.0,0.0,0.0,0.0,0.0,0.0,0.0,0.0,0.0,0.0,0.0,0.0,0.0,0.0,0.0,0.0,0.0,0.0,0.0,0.0,0.0,0.0,0.0,0.0,0.0,0.0,0.0,0.0,0.0,0.21124502941461043,0.21124502941461043,0.21124502941461043,0.19829420471124334,0.19829420471124334,0.19829420471124334,0.0,0.0,0.0,0.038007613544556874,0.038007613544556874,0.038007613544556874,-0.050958438247924,-0.050958438247924,-0.050958438247924,0.0,0.0,0.0,7.813291476777423
63,2021-07-06,6.507820090873445,-1.3223071478214672,8.329441143284182,6.507820090873445,6.507820090873445,0.0,0.0,0.0,0.0,0.0,0.0,0.0,0.0,0.0,0.0,0.0,0.0,0.0,0.0,0.0,0.0,0.0,0.0,0.0,0.0,0.0,0.0,0.0,0.0,0.0,0.0,0.0,0.0,0.0,0.0,0.0,0.0,0.0,0.0,0.0,0.0,0.0,0.0,0.0,0.0,0.0,0.0,0.0,0.0,0.0,0.0,0.0,0.0,0.0,0.0,0.0,0.0,0.0,0.0,0.0,0.0,0.0,0.0,0.0,0.0,0.0,0.0,0.0,-0.02262495208558849,-0.02262495208558849,-0.02262495208558849,-0.44161432924237853,-0.44161432924237853,-0.44161432924237853,0.0,0.0,0.0,-0.21143278688894435,-0.21143278688894435,-0.21143278688894435,-0.20755659026784573,-0.20755659026784573,-0.20755659026784573,0.0,0.0,0.0,3.633873486612294
64,2021-07-27,6.44206501443073,0.9831837756596254,10.741889319166475,6.44206501443073,6.44206501443073,0.0,0.0,0.0,0.0,0.0,0.0,0.0,0.0,0.0,0.0,0.0,0.0,0.0,0.0,0.0,0.0,0.0,0.0,0.0,0.0,0.0,0.0,0.0,0.0,0.0,0.0,0.0,0.0,0.0,0.0,0.0,0.0,0.0,0.0,0.0,0.0,0.0,0.0,0.0,0.0,0.0,0.0,0.0,0.0,0.0,0.0,0.0,0.0,0.0,0.0,0.0,0.0,0.0,0.0,0.0,0.0,0.0,0.0,0.0,0.0,0.0216225,0.0216225,0.0216225,0.10186558287693537,0.10186558287693537,0.10186558287693537,-0.0334666124009092,-0.0334666124009092,-0.0334666124009092,0.0216225,0.0216225,0.0216225,-0.21143278688911948,-0.21143278688911948,-0.21143278688911948,0.054478091611274926,0.054478091611274926,0.054478091611274926,0.0,0.0,0.0,6.226470921531319
65,2021-07-29,6.4358026261980905,3.2540655012446105,12.903853667097927,6.4358026261980905,6.4358026261980905,0.0,0.0,0.0,0.0,0.0,0.0,0.0,0.0,0.0,0.0,0.0,0.0,0.0,0.0,0.0,0.0,0.0,0.0,0.0,0.0,0.0,0.0,0.0,0.0,0.0,0.0,0.0,0.0,0.0,0.0,0.0,0.0,0.0,0.0,0.0,0.0,0.0,0.0,0.0,0.0,0.0,0.0,0.0,0.0,0.0,0.0,0.0,0.0,0.0,0.0,0.0,0.0,0.0,0.0,0.0,0.0,0.0,0.0,0.0,0.0,0.0216225,0.0216225,0.0216225,0.14922494991756527,0.14922494991756527,0.14922494991756527,0.2154128064006859,0.2154128064006859,0.2154128064006859,0.0216225,0.0216225,0.0216225,-0.0872333999999431,-0.0872333999999431,-0.0872333999999431,0.13179875648306372,0.13179875648306372,0.13179875648306372,0.0,0.0,0.0,7.822156931348326
66,2021-07-30,6.432671432081771,3.847917654801644,14.050040441356005,6.432671432081771,6.432671432081771,0.0,0.0,0.0,0.0,0.0,0.0,0.0,0.0,0.0,0.0,0.0,0.0,0.0,0.0,0.0,0.0,0.0,0.0,0.0,0.0,0.0,0.0,0.0,0.0,0.0,0.0,0.0,0.0,0.0,0.0,0.0,0.0,0.0,0.0,0.0,0.0,0.0,0.0,0.0,0.0,0.0,0.0,0.0,0.0,0.0,0.0,0.0,0.0,0.0,0.0,0.0,0.0,0.0,0.0,0.0,0.0,0.0,0.0,0.0,0.0,0.0216225,0.0216225,0.0216225,0.1916124800357605,0.1916124800357605,0.1916124800357605,0.418973808215578,0.418973808215578,0.418973808215578,0.0216225,0.0216225,0.0216225,0.03800761354448422,0.03800761354448422,0.03800761354448422,0.16773121463533328,0.16773121463533328,0.16773121463533328,0.0,0.0,0.0,9.127792278980627
67,2021-08-04,6.4170154615001715,3.9958583659106663,13.767519933556073,6.4170154615001715,6.4170154615001715,0.0,0.0,0.0,0.0,0.0,0.0,0.0,0.0,0.0,0.0,0.0,0.0,0.0,0.0,0.0,0.0,0.0,0.0,0.0,0.0,0.0,0.0,0.0,0.0,0.0,0.0,0.0,0.0,0.0,0.0,0.0,0.0,0.0,0.0,0.0,0.0,0.0,0.0,0.0,0.0,0.0,0.0,0.0,0.0,0.0,0.0,0.0,0.0,0.0,0.0,0.0,0.0,0.0,0.0,0.0,0.0,0.0,0.0,0.0,0.0,0.0216225,0.0216225,0.0216225,0.11696411932659154,0.11696411932659154,0.11696411932659154,0.4041741444345094,0.4041741444345094,0.4041741444345094,0.0216225,0.0216225,0.0216225,-0.038848752297940686,-0.038848752297940686,-0.038848752297940686,0.30443627740585855,0.30443627740585855,0.30443627740585855,0.0,0.0,0.0,9.010607195475023
68,2021-08-05,6.413884267383851,3.524628414362785,13.240766891441869,6.413884267383851,6.413884267383851,0.0,0.0,0.0,0.0,0.0,0.0,0.0,0.0,0.0,0.0,0.0,0.0,0.0,0.0,0.0,0.0,0.0,0.0,0.0,0.0,0.0,0.0,0.0,0.0,0.0,0.0,0.0,0.0,0.0,0.0,0.0,0.0,0.0,0.0,0.0,0.0,0.0,0.0,0.0,0.0,0.0,0.0,0.0,0.0,0.0,0.0,0.0,0.0,0.0,0.0,0.0,0.0,0.0,0.0,0.0,0.0,0.0,0.0,0.0,0.0,0.0216225,0.0216225,0.0216225,0.03152332081689475,0.03152332081689475,0.03152332081689475,0.2873813083709311,0.2873813083709311,0.2873813083709311,0.0216225,0.0216225,0.0216225,-0.08723340000003993,-0.08723340000003993,-0.08723340000003993,0.3214688875540762,0.3214688875540762,0.3214688875540762,0.0,0.0,0.0,8.257114719884354
69,2021-08-06,6.410753073267532,3.1387365504970153,13.094280285780185,6.410753073267532,6.410753073267532,0.0,0.0,0.0,0.0,0.0,0.0,0.0,0.0,0.0,0.0,0.0,0.0,0.0,0.0,0.0,0.0,0.0,0.0,0.0,0.0,0.0,0.0,0.0,0.0,0.0,0.0,0.0,0.0,0.0,0.0,0.0,0.0,0.0,0.0,0.0,0.0,0.0,0.0,0.0,0.0,0.0,0.0,0.0,0.0,0.0,0.0,0.0,0.0,0.0,0.0,0.0,0.0,0.0,0.0,0.0,0.0,0.0,0.0,0.0,0.0,0.0216225,0.0216225,0.0216225,-0.07984204877351288,-0.07984204877351288,-0.07984204877351288,0.3146104666018507,0.3146104666018507,0.3146104666018507,0.0216225,0.0216225,0.0216225,0.038007613544483565,0.038007613544483565,0.038007613544483565,0.3348224018308801,0.3348224018308801,0.3348224018308801,0.0,0.0,0.0,8.42764308891748
70,2021-08-20,6.366916355639056,2.187533002312017,11.999209690161885,6.366916355639056,6.366916355639056,0.0,0.0,0.0,0.0,0.0,0.0,0.0,0.0,0.0,0.0,0.0,0.0,0.0,0.0,0.0,0.0,0.0,0.0,0.0,0.0,0.0,0.0,0.0,0.0,0.0,0.0,0.0,0.0,0.0,0.0,0.0,0.0,0.0,0.0,0.0,0.0,0.0,0.0,0.0,0.0,0.0,0.0,0.0,0.0,0.0,0.0,0.0,0.0,0.0,0.0,0.0,0.0,0.0,0.0,0.0,0.0,0.0,0.0,0.0,0.0,0.0216225,0.0216225,0.0216225,-0.24093845257472438,-0.24093845257472438,-0.24093845257472438,0.06686313868725013,0.06686313868725013,0.06686313868725013,0.0216225,0.0216225,0.0216225,0.038007613544772584,0.038007613544772584,0.038007613544772584,0.2481714777172019,0.2481714777172019,0.2481714777172019,0.0,0.0,0.0,6.792628366936272
71,2021-08-28,6.341866802708498,4.54438595574205,13.80499583030924,6.341866802708498,6.341866802708498,0.0,0.0,0.0,0.0,0.0,0.0,0.0,0.0,0.0,0.0,0.0,0.0,0.0,0.0,0.0,0.0,0.0,0.0,0.0,0.0,0.0,0.0,0.0,0.0,0.0,0.0,0.0,0.0,0.0,0.0,0.0,0.0,0.0,0.0,0.0,0.0,0.0,0.0,0.0,0.0,0.0,0.0,0.0,0.0,0.0,0.0,0.0,0.0,0.0,0.0,0.0,0.0,0.0,0.0,0.0,0.0,0.0,0.0,0.0,0.0,0.0216225,0.0216225,0.0216225,0.12951124827436583,0.12951124827436583,0.12951124827436583,0.44889761210823204,0.44889761210823204,0.44889761210823204,0.0216225,0.0216225,0.0216225,0.12177374593605579,0.12177374593605579,0.12177374593605579,0.1759901178978105,0.1759901178978105,0.1759901178978105,0.0,0.0,0.0,9.188715666752811
72,2021-08-31,6.332473220359538,2.9361536693054253,12.466477223636202,6.332473220359538,6.332473220359538,0.0,0.0,0.0,0.0,0.0,0.0,0.0,0.0,0.0,0.0,0.0,0.0,0.0,0.0,0.0,0.0,0.0,0.0,0.0,0.0,0.0,0.0,0.0,0.0,0.0,0.0,0.0,0.0,0.0,0.0,0.0,0.0,0.0,0.0,0.0,0.0,0.0,0.0,0.0,0.0,0.0,0.0,0.0,0.0,0.0,0.0,0.0,0.0,0.0,0.0,0.0,0.0,0.0,0.0,0.0,0.0,0.0,0.0,0.0,0.0,0.0216225,0.0216225,0.0216225,0.22132213332081405,0.22132213332081405,0.22132213332081405,0.19943574738800535,0.19943574738800535,0.19943574738800535,0.0216225,0.0216225,0.0216225,-0.2114327868889344,-0.2114327868889344,-0.2114327868889344,0.16792390095612572,0.16792390095612572,0.16792390095612572,0.0,0.0,0.0,7.595394749876471
73,2021-09-01,6.3293420263907745,4.2382524840421105,13.863749311853288,6.3293420263907745,6.3293420263907745,0.0,0.0,0.0,0.0,0.0,0.0,0.0,0.0,0.0,0.0,0.0,0.0,0.0,0.0,0.0,0.0,0.0,0.0,0.0,0.0,0.0,0.0,0.0,0.0,0.0,0.0,0.0,0.0,0.0,0.0,0.0,0.0,0.0,0.0,0.0,0.0,0.0,0.0,0.0,0.0,0.0,0.0,0.0,0.0,0.0,0.0,0.0,0.0,0.0,0.0,0.0,0.0,0.0,0.0,0.0,0.0,0.0,0.0,0.0,0.0,0.0216225,0.0216225,0.0216225,0.21124502941464998,0.21124502941464998,0.21124502941464998,0.36075310346054,0.36075310346054,0.36075310346054,0.0216225,0.0216225,0.0216225,-0.038848752298019484,-0.038848752298019484,-0.038848752298019484,0.16673432634390947,0.16673432634390947,0.16673432634390947,0.0,0.0,0.0,8.61267180527447
74,2021-09-22,6.263586953046753,-0.23101784093316896,9.760052232875525,6.263586953046753,6.263586953046753,0.0,0.0,0.0,0.0,0.0,0.0,0.0,0.0,0.0,0.0,0.0,0.0,0.0,0.0,0.0,0.0,0.0,0.0,0.0,0.0,0.0,0.0,0.0,0.0,0.0,0.0,0.0,0.0,0.0,0.0,0.0,0.0,0.0,0.0,0.0,0.0,0.0,0.0,0.0,0.0,0.0,0.0,0.0,0.0,0.0,0.0,0.0,0.0,0.0,0.0,0.0,0.0,0.0,0.0,0.0,0.0,0.0,0.0,0.0,0.0,0.0216225,0.0216225,0.0216225,-0.1793185905815556,-0.1793185905815556,-0.1793185905815556,-0.21295834630197585,-0.21295834630197585,-0.21295834630197585,0.0216225,0.0216225,0.0216225,-0.03884875229821984,-0.03884875229821984,-0.03884875229821984,-0.016413503422200392,-0.016413503422200392,-0.016413503422200392,0.0,0.0,0.0,4.9297038336072845
75,2021-10-01,6.235406207327885,2.1161535360746107,12.251286144610166,6.235406207327885,6.235406207327885,0.0,0.0,0.0,0.0,0.0,0.0,0.0,0.0,0.0,0.0,0.0,0.0,0.0,0.0,0.0,0.0,0.0,0.0,0.0,0.0,0.0,0.0,0.0,0.0,0.0,0.0,0.0,0.0,0.0,0.0,0.0,0.0,0.0,0.0,0.0,0.0,0.0,0.0,0.0,0.0,0.0,0.0,0.0,0.0,0.0,0.0,0.0,0.0,0.0,0.0,0.0,0.0,0.0,0.0,0.0,0.0,0.0,0.0,0.0,0.0,0.0,0.0,0.0,0.21863308411042046,0.21863308411042046,0.21863308411042046,0.1466189668669261,0.1466189668669261,0.1466189668669261,0.0,0.0,0.0,0.038007613544698594,0.038007613544698594,0.038007613544698594,-0.11002173078819297,-0.11002173078819297,-0.11002173078819297,0.0,0.0,0.0,7.149635023441918
76,2021-10-04,6.226012625421596,1.505958450437195,11.094274178005563,6.226012625421596,6.226012625421596,0.0,0.0,0.0,0.0,0.0,0.0,0.0,0.0,0.0,0.0,0.0,0.0,0.0,0.0,0.0,0.0,0.0,0.0,0.0,0.0,0.0,0.0,0.0,0.0,0.0,0.0,0.0,0.0,0.0,0.0,0.0,0.0,0.0,0.0,0.0,0.0,0.0,0.0,0.0,0.0,0.0,0.0,0.0,0.0,0.0,0.0,0.0,0.0,0.0,0.0,0.0,0.0,0.0,0.0,0.0,0.0,0.0,0.0,0.0,0.0,0.0,0.0,0.0,0.116964119326596,0.116964119326596,0.116964119326596,0.017945345503049343,0.017945345503049343,0.017945345503049343,0.0,0.0,0.0,0.006942281310352561,0.006942281310352561,0.006942281310352561,-0.10596105513389924,-0.10596105513389924,-0.10596105513389924,0.0,0.0,0.0,6.337740573091135
77,2021-10-06,6.219750237484071,-0.0022626337336207033,9.66050280787057,6.219750237484071,6.219750237484071,0.0,0.0,0.0,0.0,0.0,0.0,0.0,0.0,0.0,0.0,0.0,0.0,0.0,0.0,0.0,0.0,0.0,0.0,0.0,0.0,0.0,0.0,0.0,0.0,0.0,0.0,0.0,0.0,0.0,0.0,0.0,0.0,0.0,0.0,0.0,0.0,0.0,0.0,0.0,0.0,0.0,0.0,0.0,0.0,0.0,0.0,0.0,0.0,0.0,0.0,0.0,0.0,0.0,0.0,0.0,0.0,0.0,0.0,0.0,0.0,0.0,0.0,0.0,-0.07984204877370149,-0.07984204877370149,-0.07984204877370149,-0.21206486941496297,-0.21206486941496297,-0.21206486941496297,0.0,0.0,0.0,-0.03884875229809018,-0.03884875229809018,-0.03884875229809018,-0.09337406834317133,-0.09337406834317133,-0.09337406834317133,0.0,0.0,0.0,4.900759715578327
78,2021-10-07,6.216619043515308,-0.5893556210899675,8.82309784398156,6.216619043515308,6.216619043515308,0.0,0.0,0.0,0.0,0.0,0.0,0.0,0.0,0.0,0.0,0.0,0.0,0.0,0.0,0.0,0.0,0.0,0.0,0.0,0.0,0.0,0.0,0.0,0.0,0.0,0.0,0.0,0.0,0.0,0.0,0.0,0.0,0.0,0.0,0.0,0.0,0.0,0.0,0.0,0.0,0.0,0.0,0.0,0.0,0.0,0.0,0.0,0.0,0.0,0.0,0.0,0.0,0.0,0.0,0.0,0.0,0.0,0.0,0.0,0.0,0.0,0.0,0.0,-0.18011536852708135,-0.18011536852708135,-0.18011536852708135,-0.3520000014723092,-0.3520000014723092,-0.3520000014723092,0.0,0.0,0.0,-0.08723339999999319,-0.08723339999999319,-0.08723339999999319,-0.08465123294523465,-0.08465123294523465,-0.08465123294523465,0.0,0.0,0.0,4.028369131045134
79,2021-10-20,6.175913521921389,-0.23790894312505634,9.507110777153919,6.175913521921389,6.175913521921389,0.0,0.0,0.0,0.0,0.0,0.0,0.0,0.0,0.0,0.0,0.0,0.0,0.0,0.0,0.0,0.0,0.0,0.0,0.0,0.0,0.0,0.0,0.0,0.0,0.0,0.0,0.0,0.0,0.0,0.0,0.0,0.0,0.0,0.0,0.0,0.0,0.0,0.0,0.0,0.0,0.0,0.0,0.0,0.0,0.0,0.0,0.0,0.0,0.0,0.0,0.0,0.0,0.0,0.0,0.0,0.0,0.0,0.0,0.0,0.0,0.0,0.0,0.0,-0.2409384525747793,-0.2409384525747793,-0.2409384525747793,-0.2489954009611203,-0.2489954009611203,-0.2489954009611203,0.0,0.0,0.0,-0.038848752297922756,-0.038848752297922756,-0.038848752297922756,0.030791803911581716,0.030791803911581716,0.030791803911581716,0.0,0.0,0.0,4.638139458229368
80,2021-10-22,6.169651133983863,0.0842288396696483,10.221274951830344,6.169651133983863,6.169651133983863,0.0,0.0,0.0,0.0,0.0,0.0,0.0,0.0,0.0,0.0,0.0,0.0,0.0,0.0,0.0,0.0,0.0,0.0,0.0,0.0,0.0,0.0,0.0,0.0,0.0,0.0,0.0,0.0,0.0,0.0,0.0,0.0,0.0,0.0,0.0,0.0,0.0,0.0,0.0,0.0,0.0,0.0,0.0,0.0,0.0,0.0,0.0,0.0,0.0,0.0,0.0,0.0,0.0,0.0,0.0,0.0,0.0,0.0,0.0,0.0,0.0,0.0,0.0,-0.23766356971810168,-0.23766356971810168,-0.23766356971810168,-0.17240437520568633,-0.17240437520568633,-0.17240437520568633,0.0,0.0,0.0,0.038007613544626596,0.038007613544626596,0.038007613544626596,0.027251580967788715,0.027251580967788715,0.027251580967788715,0.0,0.0,0.0,5.105976284992321
81,2021-10-28,6.150863970171285,1.3199236126624279,11.121108270835794,6.150863970171285,6.150863970171285,0.0,0.0,0.0,0.0,0.0,0.0,0.0,0.0,0.0,0.0,0.0,0.0,0.0,0.0,0.0,0.0,0.0,0.0,0.0,0.0,0.0,0.0,0.0,0.0,0.0,0.0,0.0,0.0,0.0,0.0,0.0,0.0,0.0,0.0,0.0,0.0,0.0,0.0,0.0,0.0,0.0,0.0,0.0,0.0,0.0,0.0,0.0,0.0,0.0,0.0,0.0,0.0,0.0,0.0,0.0,0.0,0.0,0.0,0.0,0.0,0.0,0.0,0.0,0.129511248274317,0.129511248274317,0.129511248274317,0.014240905710831909,0.014240905710831909,0.014240905710831909,0.0,0.0,0.0,-0.08723339999992612,-0.08723339999992612,-0.08723339999992612,-0.02803694256355899,-0.02803694256355899,-0.02803694256355899,0.0,0.0,0.0,6.2384578440106475
82,2021-10-29,6.147732787902091,2.154928194050545,12.023047528110549,6.147732787902091,6.147732787902091,0.0,0.0,0.0,0.0,0.0,0.0,0.0,0.0,0.0,0.0,0.0,0.0,0.0,0.0,0.0,0.0,0.0,0.0,0.0,0.0,0.0,0.0,0.0,0.0,0.0,0.0,0.0,0.0,0.0,0.0,0.0,0.0,0.0,0.0,0.0,0.0,0.0,0.0,0.0,0.0,0.0,0.0,0.0,0.0,0.0,0.0,0.0,0.0,0.0,0.0,0.0,0.0,0.0,0.0,0.0,0.0,0.0,0.0,0.0,0.0,0.0,0.0,0.0,0.1710492268914207,0.1710492268914207,0.1710492268914207,0.16750306950309962,0.16750306950309962,0.16750306950309962,0.0,0.0,0.0,0.03800761354462592,0.03800761354462592,0.03800761354462592,-0.04155377093294704,-0.04155377093294704,-0.04155377093294704,0.0,0.0,0.0,7.1774969003605396
83,2021-11-04,6.12894569428692,0.4093102698613251,9.75473740013931,6.12894569428692,6.12894569428692,0.0,0.0,0.0,0.0,0.0,0.0,0.0,0.0,0.0,0.0,0.0,0.0,0.0,0.0,0.0,0.0,0.0,0.0,0.0,0.0,0.0,0.0,0.0,0.0,0.0,0.0,0.0,0.0,0.0,0.0,0.0,0.0,0.0,0.0,0.0,0.0,0.0,0.0,0.0,0.0,0.0,0.0,0.0,0.0,0.0,0.0,0.0,0.0,0.0,0.0,0.0,0.0,0.0,0.0,0.0,0.0,0.0,0.0,0.0,0.0,0.0,0.0,0.0,0.07865461494238651,0.07865461494238651,0.07865461494238651,-0.1274898615003182,-0.1274898615003182,-0.1274898615003182,0.0,0.0,0.0,-0.0872333999999457,-0.0872333999999457,-0.0872333999999457,-0.11891107644275903,-0.11891107644275903,-0.11891107644275903,0.0,0.0,0.0,5.3475672565793095
84,2021-11-08,6.116420965210141,-0.9982981068065843,8.747650938997744,6.116420965210141,6.116420965210141,0.0,0.0,0.0,0.0,0.0,0.0,0.0,0.0,0.0,0.0,0.0,0.0,0.0,0.0,0.0,0.0,0.0,0.0,0.0,0.0,0.0,0.0,0.0,0.0,0.0,0.0,0.0,0.0,0.0,0.0,0.0,0.0,0.0,0.0,0.0,0.0,0.0,0.0,0.0,0.0,0.0,0.0,0.0,0.0,0.0,0.0,0.0,0.0,0.0,0.0,0.0,0.0,0.0,0.0,0.0,0.0,0.0,0.0,0.0,0.0,0.0,0.0,0.0,-0.21547932500803213,-0.21547932500803213,-0.21547932500803213,-0.3521419011513694,-0.3521419011513694,-0.3521419011513694,0.0,0.0,0.0,0.006942281310487301,0.006942281310487301,0.006942281310487301,-0.14360485745382456,-0.14360485745382456,-0.14360485745382456,0.0,0.0,0.0,3.9625728582789486
85,2021-11-12,6.103896236133361,0.24373810305322302,10.012642633975982,6.103896236133361,6.103896236133361,0.0,0.0,0.0,0.0,0.0,0.0,0.0,0.0,0.0,0.0,0.0,0.0,0.0,0.0,0.0,0.0,0.0,0.0,0.0,0.0,0.0,-0.0278378,-0.0278378,-0.0278378,0.0,0.0,0.0,0.0,0.0,0.0,0.0,0.0,0.0,0.0,0.0,0.0,0.0,0.0,0.0,0.0,0.0,0.0,0.0,0.0,0.0,0.0,0.0,0.0,0.0,0.0,0.0,0.0,0.0,0.0,0.0,0.0,0.0,0.0,0.0,0.0,-0.0278378,-0.0278378,-0.0278378,-0.014633738774669069,-0.014633738774669069,-0.014633738774669069,-0.13777684045982636,-0.13777684045982636,-0.13777684045982636,0.0,0.0,0.0,0.038007613544624584,0.038007613544624584,0.038007613544624584,-0.13331291522978186,-0.13331291522978186,-0.13331291522978186,0.0,0.0,0.0,5.26292069822428
86,2021-11-13,6.100765053864166,1.2247563102149843,10.496507681324212,6.100765053864166,6.100765053864166,0.0,0.0,0.0,0.0,0.0,0.0,0.0,0.0,0.0,0.0,0.0,0.0,0.0,0.0,0.0,0.0,0.0,0.0,0.0,0.0,0.0,0.0,0.0,0.0,0.0,0.0,0.0,0.0,0.0,0.0,0.0,0.0,0.0,0.0,0.0,0.0,0.0,0.0,0.0,0.0,0.0,0.0,0.0,0.0,0.0,0.0,0.0,0.0,0.0,0.0,0.0,0.0,0.0,0.0,0.0,0.0,0.0,0.0,0.0,0.0,0.0,0.0,0.0,-0.02384201919666152,-0.02384201919666152,-0.02384201919666152,-0.027507214426378247,-0.027507214426378247,-0.027507214426378247,0.0,0.0,0.0,0.12177374593586415,0.12177374593586415,0.12177374593586415,-0.1254389411655809,-0.1254389411655809,-0.1254389411655809,0.0,0.0,0.0,5.932950001362569
87,2021-11-17,6.088240324787386,0.8627193781048328,10.73992186978343,6.088240324787386,6.088240324787386,0.0,0.0,0.0,0.0,0.0,0.0,0.0,0.0,0.0,0.0,0.0,0.0,0.0,0.0,0.0,0.0,0.0,0.0,0.0,0.0,0.0,0.0,0.0,0.0,0.0,0.0,0.0,0.0,0.0,0.0,0.0,0.0,0.0,0.0,0.0,0.0,0.0,0.0,0.0,0.0,0.0,0.0,0.0,0.0,0.0,0.0,0.0,0.0,0.0,0.0,0.0,0.0,0.0,0.0,0.0,0.0,0.0,0.0,0.0,0.0,0.0,0.0,0.0,0.07216814568957705,0.07216814568957705,0.07216814568957705,-0.04566711142118873,-0.04566711142118873,-0.04566711142118873,0.0,0.0,0.0,-0.038848752298039385,-0.038848752298039385,-0.038848752298039385,-0.07898650481272639,-0.07898650481272639,-0.07898650481272639,0.0,0.0,0.0,5.810207975516346
88,2021-11-18,6.08510914251819,0.09767754448907662,9.842256349389428,6.08510914251819,6.08510914251819,0.0,0.0,0.0,0.0,0.0,0.0,0.0,0.0,0.0,0.0,0.0,0.0,0.0,0.0,0.0,0.0,0.0,0.0,0.0,0.0,0.0,0.0,0.0,0.0,0.0,0.0,0.0,0.0,0.0,0.0,0.0,0.0,0.0,0.0,0.0,0.0,0.0,0.0,0.0,0.0,0.0,0.0,0.0,0.0,0.0,0.0,0.0,0.0,0.0,0.0,0.0,0.0,0.0,0.0,0.0,0.0,0.0,0.0,0.0,0.0,0.0,0.0,0.0,-0.034698333600246906,-0.034698333600246906,-0.034698333600246906,-0.18717540214226694,-0.18717540214226694,-0.18717540214226694,0.0,0.0,0.0,-0.08723339999985905,-0.08723339999985905,-0.08723339999985905,-0.065243668542161,-0.065243668542161,-0.065243668542161,0.0,0.0,0.0,4.946126391687763
89,2021-11-20,6.0788467779798,-0.15837730026523592,9.519735616724788,6.0788467779798,6.0788467779798,0.0,0.0,0.0,0.0,0.0,0.0,0.0,0.0,0.0,0.0,0.0,0.0,0.0,0.0,0.0,0.0,0.0,0.0,0.0,0.0,0.0,0.0,0.0,0.0,0.0,0.0,0.0,0.0,0.0,0.0,0.0,0.0,0.0,0.0,0.0,0.0,0.0,0.0,0.0,0.0,0.0,0.0,0.0,0.0,0.0,0.0,0.0,0.0,0.0,0.0,0.0,0.0,0.0,0.0,0.0,0.0,0.0,0.0,0.0,0.0,0.0,0.0,0.0,-0.28079834971569123,-0.28079834971569123,-0.28079834971569123,-0.1968562091484759,-0.1968562091484759,-0.1968562091484759,0.0,0.0,0.0,0.12177374593605855,0.12177374593605855,0.12177374593605855,-0.037831605368843196,-0.037831605368843196,-0.037831605368843196,0.0,0.0,0.0,4.88218804527227
90,2021-11-27,6.056928502095435,2.4956164386479154,12.560486567576788,6.056928502095435,6.056928502095435,0.0,0.0,0.0,0.0,0.0,0.0,0.0,0.0,0.0,0.0,0.0,0.0,0.0,0.0,0.0,0.0,0.0,0.0,0.0,0.0,0.0,0.0,0.0,0.0,0.0,0.0,0.0,0.0,0.0,0.0,0.0,0.0,0.0,0.0,0.0,0.0,0.0,0.0,0.0,0.0,0.0,0.0,0.0,0.0,0.0,0.0,0.0,0.0,0.0,0.0,0.0,0.0,0.0,0.0,0.0,0.0,0.0,0.0,0.0,0.0,0.0,0.0,0.0,0.11464463994302268,0.11464463994302268,0.11464463994302268,0.2554015760169295,0.2554015760169295,0.2554015760169295,0.0,0.0,0.0,0.12177374593625294,0.12177374593625294,0.12177374593625294,0.018983190137653864,0.018983190137653864,0.018983190137653864,0.0,0.0,0.0,7.603877587352469
91,2021-12-02,6.041272592881071,2.02348131872139,11.555911783201497,6.041272592881071,6.041272592881071,0.0,0.0,0.0,0.0,0.0,0.0,0.0,0.0,0.0,0.0,0.0,0.0,0.0,0.0,0.0,0.0,0.0,0.0,0.0,0.0,0.0,0.0,0.0,0.0,0.0,0.0,0.0,0.0,0.0,0.0,0.0,0.0,0.0,0.0,0.0,0.0,0.0,0.0,0.0,0.0,0.0,0.0,0.0,0.0,0.0,0.0,0.0,0.0,0.0,0.0,0.0,0.0,0.0,0.0,0.0,0.0,0.0,0.0,0.0,0.0,0.0,0.0,0.0,0.20039760788657512,0.20039760788657512,0.20039760788657512,0.1045487122231361,0.1045487122231361,0.1045487122231361,0.0,0.0,0.0,-0.08723340000005271,-0.08723340000005271,-0.08723340000005271,-0.008615495663386312,-0.008615495663386312,-0.008615495663386312,0.0,0.0,0.0,6.672879862655713
92,2021-12-03,6.038141411038199,2.35455016420716,11.989748444425208,6.038141411038199,6.038141411038199,0.0,0.0,0.0,0.0,0.0,0.0,0.0,0.0,0.0,0.0,0.0,0.0,0.0,0.0,0.0,0.0,0.0,0.0,0.0,0.0,0.0,0.0,0.0,0.0,0.0,0.0,0.0,0.0,0.0,0.0,0.0,0.0,0.0,0.0,0.0,0.0,0.0,0.0,0.0,0.0,0.0,0.0,0.0,0.0,0.0,0.0,0.0,0.0,0.0,0.0,0.0,0.0,0.0,0.0,0.0,0.0,0.0,0.0,0.0,0.0,0.0,0.0,0.0,0.16917719716253307,0.16917719716253307,0.16917719716253307,0.18622827085407428,0.18622827085407428,0.18622827085407428,0.0,0.0,0.0,0.038007613544842965,0.038007613544842965,0.038007613544842965,-0.020956539853301728,-0.020956539853301728,-0.020956539853301728,0.0,0.0,0.0,7.1626140451882225
93,2021-12-07,6.025616683666707,-1.4758471314205701,8.031029927110302,6.025616683666707,6.025616683666707,0.0,0.0,0.0,0.0,0.0,0.0,0.0,0.0,0.0,0.0,0.0,0.0,0.0,0.0,0.0,0.0,0.0,0.0,0.0,0.0,0.0,0.0,0.0,0.0,0.0,0.0,0.0,0.0,0.0,0.0,0.0,0.0,0.0,0.0,0.0,0.0,0.0,0.0,0.0,0.0,0.0,0.0,0.0,0.0,0.0,0.0,0.0,0.0,0.0,0.0,0.0,0.0,0.0,0.0,0.0,0.0,0.0,0.0,0.0,0.0,0.0,0.0,0.0,-0.18011536852722282,-0.18011536852722282,-0.18011536852722282,-0.47554566892754774,-0.47554566892754774,-0.47554566892754774,0.0,0.0,0.0,-0.21143278688894568,-0.21143278688894568,-0.21143278688894568,-0.08399751351137916,-0.08399751351137916,-0.08399751351137916,0.0,0.0,0.0,3.160160767131431
94,2021-12-09,6.019354319980962,-1.4028660434864857,8.901108633320922,6.019354319980962,6.019354319980962,0.0,0.0,0.0,0.0,0.0,0.0,0.0,0.0,0.0,0.0,0.0,0.0,0.0,0.0,0.0,0.0,0.0,0.0,0.0,0.0,0.0,0.0,0.0,0.0,0.0,0.0,0.0,0.0,0.0,0.0,0.0,0.0,0.0,0.0,0.0,0.0,0.0,0.0,0.0,0.0,0.0,0.0,0.0,0.0,0.0,0.0,0.0,0.0,0.0,0.0,0.0,0.0,0.0,0.0,0.0,0.0,0.0,0.0,0.0,0.0,0.0,0.0,0.0,-0.19042063851059715,-0.19042063851059715,-0.19042063851059715,-0.3955916092800991,-0.3955916092800991,-0.3955916092800991,0.0,0.0,0.0,-0.0872333999998692,-0.0872333999998692,-0.0872333999998692,-0.1179375707696328,-0.1179375707696328,-0.1179375707696328,0.0,0.0,0.0,3.6381482577125768
95,2021-12-13,6.006829592609471,0.012835051396485078,9.72745562498827,6.006829592609471,6.006829592609471,0.0,0.0,0.0,0.0,0.0,0.0,0.0,0.0,0.0,0.0,0.0,0.0,0.0,0.0,0.0,0.0,0.0,0.0,0.0,0.0,0.0,0.0,0.0,0.0,0.0,0.0,0.0,0.0,0.0,0.0,0.0,0.0,0.0,0.0,0.0,0.0,0.0,0.0,0.0,0.0,0.0,0.0,0.0,0.0,0.0,0.0,0.0,0.0,0.0,0.0,0.0,0.0,0.0,0.0,0.0,0.0,0.0,0.0,0.0,0.0,0.0,0.0,0.0,-0.020451809831019914,-0.020451809831019914,-0.020451809831019914,-0.18583507513803724,-0.18583507513803724,-0.18583507513803724,0.0,0.0,0.0,0.006942281310284501,0.006942281310284501,0.006942281310284501,-0.17232554661730182,-0.17232554661730182,-0.17232554661730182,0.0,0.0,0.0,4.890549963925504
96,2021-12-15,6.000567228923725,0.14518112438728759,9.472720363885017,6.000567228923725,6.000567228923725,0.0,0.0,0.0,0.0,0.0,0.0,0.0,0.0,0.0,0.0,0.0,0.0,0.0,0.0,0.0,0.0,0.0,0.0,0.0,0.0,0.0,0.0,0.0,0.0,0.0,0.0,0.0,0.0,0.0,0.0,0.0,0.0,0.0,0.0,0.0,0.0,0.0,0.0,0.0,0.0,0.0,0.0,0.0,0.0,0.0,0.0,0.0,0.0,0.0,0.0,0.0,0.0,0.0,0.0,0.0,0.0,0.0,0.0,0.0,0.0,0.0,0.0,0.0,0.01927551084480504,0.01927551084480504,0.01927551084480504,-0.2056602287686181,-0.2056602287686181,-0.2056602287686181,0.0,0.0,0.0,-0.03884875229815596,-0.03884875229815596,-0.03884875229815596,-0.18608698731526718,-0.18608698731526718,-0.18608698731526718,0.0,0.0,0.0,4.766489199881798
97,2021-12-16,5.997436047080852,-0.2792624139555586,9.532931136372293,5.997436047080852,5.997436047080852,0.0,0.0,0.0,0.0,0.0,0.0,0.0,0.0,0.0,0.0,0.0,0.0,0.0,0.0,0.0,0.0,0.0,0.0,0.0,0.0,0.0,0.0,0.0,0.0,0.0,0.0,0.0,0.0,0.0,0.0,0.0,0.0,0.0,0.0,0.0,0.0,0.0,0.0,0.0,0.0,0.0,0.0,0.0,0.0,0.0,0.0,0.0,0.0,0.0,0.0,0.0,0.0,0.0,0.0,0.0,0.0,0.0,0.0,0.0,0.0,0.0,0.0,0.0,0.07628488538227356,0.07628488538227356,0.07628488538227356,-0.1994290271832212,-0.1994290271832212,-0.1994290271832212,0.0,0.0,0.0,-0.08723339999996604,-0.08723339999996604,-0.08723339999996604,-0.18848051256552872,-0.18848051256552872,-0.18848051256552872,0.0,0.0,0.0,4.801373210617934
98,2021-12-18,5.991173683395107,1.060468062554014,10.558812175641913,5.991173683395107,5.991173683395107,0.0,0.0,0.0,0.0,0.0,0.0,0.0,0.0,0.0,0.0,0.0,0.0,0.0,0.0,0.0,0.0,0.0,0.0,0.0,0.0,0.0,0.0,0.0,0.0,0.0,0.0,0.0,0.0,0.0,0.0,0.0,0.0,0.0,0.0,0.0,0.0,0.0,0.0,0.0,0.0,0.0,0.0,0.0,0.0,0.0,0.0,0.0,0.0,0.0,0.0,0.0,0.0,0.0,0.0,0.0,0.0,0.0,0.0,0.0,0.0,0.0,0.0,0.0,0.027915045162254085,0.027915045162254085,0.027915045162254085,-0.033693793691155195,-0.033693793691155195,-0.033693793691155195,0.0,0.0,0.0,0.12177374593624585,0.12177374593624585,0.12177374593624585,-0.18338258478965513,-0.18338258478965513,-0.18338258478965513,0.0,0.0,0.0,5.789308313338913
99,2021-12-19,5.9880425015522345,0.5046806153949375,10.330252011802653,5.9880425015522345,5.9880425015522345,0.0,0.0,0.0,0.0,0.0,0.0,0.0,0.0,0.0,0.0,0.0,0.0,0.0,0.0,0.0,0.0,0.0,0.0,0.0,0.0,0.0,0.0,0.0,0.0,0.0,0.0,0.0,0.0,0.0,0.0,0.0,0.0,0.0,0.0,0.0,0.0,0.0,0.0,0.0,0.0,0.0,0.0,0.0,0.0,0.0,0.0,0.0,0.0,0.0,0.0,0.0,0.0,0.0,0.0,0.0,0.0,0.0,0.0,0.0,0.0,0.0,0.0,0.0,-0.1075687293368593,-0.1075687293368593,-0.1075687293368593,-0.11252994949798417,-0.11252994949798417,-0.11252994949798417,0.0,0.0,0.0,0.17079129839580307,0.17079129839580307,0.17079129839580307,-0.17575251855692794,-0.17575251855692794,-0.17575251855692794,0.0,0.0,0.0,5.314208381260779
100,2021-12-20,5.9849242049118825,-0.9444496735674015,8.478967839571794,5.9849242049118825,5.9849242049118825,0.0,0.0,0.0,0.0,0.0,0.0,0.0,0.0,0.0,0.0,0.0,0.0,0.0,0.0,0.0,0.0,0.0,0.0,0.0,0.0,0.0,0.0,0.0,0.0,0.0,0.0,0.0,0.0,0.0,0.0,0.0,0.0,0.0,0.0,0.0,0.0,0.0,0.0,0.0,0.0,0.0,0.0,0.0,0.0,0.0,0.0,0.0,0.0,0.0,0.0,0.0,0.0,0.0,0.0,0.0,0.0,0.0,0.0,0.0,0.0,0.0,0.0,0.0,-0.24093845257474997,-0.24093845257474997,-0.24093845257474997,-0.39877174134433524,-0.39877174134433524,-0.39877174134433524,0.0,0.0,0.0,0.00694228131052527,0.00694228131052527,0.00694228131052527,-0.16477557008011054,-0.16477557008011054,-0.16477557008011054,0.0,0.0,0.0,3.5983055579053103
101,2021-12-21,5.981805908271529,-3.0549697906072133,7.147634989946893,5.981805908271529,5.981805908271529,0.0,0.0,0.0,0.0,0.0,0.0,0.0,0.0,0.0,0.0,0.0,0.0,0.0,0.0,0.0,0.0,0.0,0.0,0.0,0.0,0.0,0.0,0.0,0.0,0.0,0.0,0.0,0.0,0.0,0.0,0.0,0.0,0.0,0.0,0.0,0.0,0.0,0.0,0.0,0.0,0.0,0.0,0.0,0.0,0.0,0.0,0.0,0.0,0.0,0.0,0.0,0.0,0.0,0.0,0.0,0.0,0.0,0.0,0.0,0.0,0.0,0.0,0.0,-0.29365990324832175,-0.29365990324832175,-0.29365990324832175,-0.6556755721502169,-0.6556755721502169,-0.6556755721502169,0.0,0.0,0.0,-0.21143278688906247,-0.21143278688906247,-0.21143278688906247,-0.15058288201283257,-0.15058288201283257,-0.15058288201283257,0.0,0.0,0.0,2.0596818968740465
102,2021-12-23,5.975569314990825,-0.7934847682653674,8.791403515169051,5.975569314990825,5.975569314990825,0.0,0.0,0.0,0.0,0.0,0.0,0.0,0.0,0.0,0.0,0.0,0.0,0.0,0.0,0.0,0.0,0.0,0.0,0.0,0.0,0.0,0.0,0.0,0.0,0.0,0.0,0.0,0.0,0.0,0.0,0.0,0.0,0.0,0.0,0.0,0.0,0.0,0.0,0.0,0.0,0.0,0.0,0.0,0.0,0.0,0.0,0.0,0.0,0.0,0.0,0.0,0.0,0.0,0.0,0.0,0.0,0.0,0.0,0.0,0.0,0.0,0.0,0.0,-0.11250446745818149,-0.11250446745818149,-0.11250446745818149,-0.3132024117954843,-0.3132024117954843,-0.3132024117954843,0.0,0.0,0.0,-0.08723339999998564,-0.08723339999998564,-0.08723339999998564,-0.11346454433731722,-0.11346454433731722,-0.11346454433731722,0.0,0.0,0.0,4.104006593684608
103,2021-12-28,5.959977831789062,1.2202654791940204,10.729710368527165,5.959977831789062,5.959977831789062,0.0,0.0,0.0,0.0,0.0,0.0,0.0,0.0,0.0,0.0,0.0,0.0,0.0,0.0,0.0,0.0,0.0,0.0,0.0,0.0,0.0,0.0,0.0,0.0,0.0,0.0,0.0,0.0,0.0,0.0,0.0,0.0,0.0,0.0,0.0,0.0,0.0,0.0,0.0,0.0,0.0,0.0,0.0,0.0,0.0,0.0,0.0,0.0,0.0,0.0,0.0,0.0,0.0,0.0,0.0,0.0,0.0,0.0,0.0,0.0,0.0216225,0.0216225,0.0216225,0.12951124827450966,0.12951124827450966,0.12951124827450966,-0.04769887715469219,-0.04769887715469219,-0.04769887715469219,0.0216225,0.0216225,0.0216225,-0.21143278688906042,-0.21143278688906042,-0.21143278688906042,0.01260016145985857,0.01260016145985857,0.01260016145985857,0.0,0.0,0.0,5.675693581345866
104,2021-12-29,5.95685953514871,2.589113032705937,11.889624337090305,5.95685953514871,5.95685953514871,0.0,0.0,0.0,0.0,0.0,0.0,0.0,0.0,0.0,0.0,0.0,0.0,0.0,0.0,0.0,0.0,0.0,0.0,0.0,0.0,0.0,0.0,0.0,0.0,0.0,0.0,0.0,0.0,0.0,0.0,0.0,0.0,0.0,0.0,0.0,0.0,0.0,0.0,0.0,0.0,0.0,0.0,0.0,0.0,0.0,0.0,0.0,0.0,0.0,0.0,0.0,0.0,0.0,0.0,0.0,0.0,0.0,0.0,0.0,0.0,0.0216225,0.0216225,0.0216225,0.17104922689140706,0.17104922689140706,0.17104922689140706,0.19341512209591602,0.19341512209591602,0.19341512209591602,0.0216225,0.0216225,0.0216225,-0.03884875229798851,-0.03884875229798851,-0.03884875229798851,0.03959214750249751,0.03959214750249751,0.03959214750249751,0.0,0.0,0.0,7.109006249447718
105,2021-12-30,5.953741238508357,2.0078782249067646,12.170467927764125,5.953741238508357,5.953741238508357,0.0,0.0,0.0,0.0,0.0,0.0,0.0,0.0,0.0,0.0,0.0,0.0,0.0,0.0,0.0,0.0,0.0,0.0,0.0,0.0,0.0,0.0,0.0,0.0,0.0,0.0,0.0,0.0,0.0,0.0,0.0,0.0,0.0,0.0,0.0,0.0,0.0,0.0,0.0,0.0,0.0,0.0,0.0,0.0,0.0,0.0,0.0,0.0,0.0,0.0,0.0,0.0,0.0,0.0,0.0,0.0,0.0,0.0,0.0,0.0,0.0216225,0.0216225,0.0216225,0.20789550733914128,0.20789550733914128,0.20789550733914128,0.208169567051828,0.208169567051828,0.208169567051828,0.0216225,0.0216225,0.0216225,-0.08723340000008248,-0.08723340000008248,-0.08723340000008248,0.06588495971276923,0.06588495971276923,0.06588495971276923,0.0,0.0,0.0,7.193128974467256
106,2022-01-03,5.941268051946946,2.738520156659899,12.823117539309823,5.941268051946946,5.941268051946946,0.0,0.0,0.0,0.0,0.0,0.0,0.0,0.0,0.0,0.0,0.0,0.0,0.0,0.0,0.0,0.0,0.0,0.0,0.0,0.0,0.0,0.0,0.0,0.0,0.0,0.0,0.0,0.0,0.0,0.0,0.0,0.0,0.0,0.0,0.0,0.0,0.0,0.0,0.0,0.0,0.0,0.0,0.0,0.0,0.0,0.0,0.0,0.0,0.0,0.0,0.0,0.0,0.0,0.0,0.0,0.0,0.0,0.0,0.0,0.0,0.0,0.0,0.0,0.146631070373622,0.146631070373622,0.146631070373622,0.3067791918602775,0.3067791918602775,0.3067791918602775,0.0,0.0,0.0,0.0069422813109503,0.0069422813109503,0.0069422813109503,0.15320584017570532,0.15320584017570532,0.15320584017570532,0.0,0.0,0.0,7.763925463548516
107,2022-01-07,5.928794865385537,1.403367715239668,10.540798573879728,5.928794865385537,5.928794865385537,0.0,0.0,0.0,0.0,0.0,0.0,0.0,0.0,0.0,0.0,0.0,0.0,0.0,0.0,0.0,0.0,0.0,0.0,0.0,0.0,0.0,0.0,0.0,0.0,0.0,0.0,0.0,0.0,0.0,0.0,0.0,0.0,0.0,0.0,0.0,0.0,0.0,0.0,0.0,0.0,0.0,0.0,0.0,0.0,0.0,0.0,0.0,0.0,0.0,0.0,0.0,0.0,0.0,0.0,0.0,0.0,0.0,0.0,0.0,0.0,0.0,0.0,0.0,-0.2109598831793638,-0.2109598831793638,-0.2109598831793638,0.017759891931185906,0.017759891931185906,0.017759891931185906,0.0,0.0,0.0,0.03800761354512999,0.03800761354512999,0.03800761354512999,0.19071216156541973,0.19071216156541973,0.19071216156541973,0.0,0.0,0.0,6.034089621476954
108,2022-01-14,5.906966788903069,1.6356405650664212,11.49800678158313,5.906966788903069,5.906966788903069,0.0,0.0,0.0,0.0,0.0,0.0,0.0,0.0,0.0,0.0,0.0,0.0,0.0,0.0,0.0,0.0,0.0,0.0,0.0,0.0,0.0,0.0,0.0,0.0,0.0,0.0,0.0,0.0,0.0,0.0,0.0,0.0,0.0,0.0,0.0,0.0,0.0,0.0,0.0,0.0,0.0,0.0,0.0,0.0,0.0,0.0,0.0,0.0,0.0,0.0,0.0,0.0,0.0,0.0,0.0,0.0,0.0,0.0,0.0,0.0,0.0,0.0,0.0,-0.0049339042681414425,-0.0049339042681414425,-0.0049339042681414425,0.13661108126790208,0.13661108126790208,0.13661108126790208,0.0,0.0,0.0,0.038007613544478604,0.038007613544478604,0.038007613544478604,0.10353737199156493,0.10353737199156493,0.10353737199156493,0.0,0.0,0.0,6.713923908948704
109,2022-01-19,5.891377485161251,-0.8800095549670695,9.277605751695743,5.891377485161251,5.891377485161251,0.0,0.0,0.0,0.0,0.0,0.0,0.0,0.0,0.0,0.0,0.0,0.0,0.0,0.0,0.0,0.0,0.0,0.0,0.0,0.0,0.0,0.0,0.0,0.0,0.0,0.0,0.0,0.0,0.0,0.0,0.0,0.0,0.0,0.0,0.0,0.0,0.0,0.0,0.0,0.0,0.0,0.0,0.0,0.0,0.0,0.0,0.0,0.0,0.0,0.0,0.0,0.0,0.0,0.0,0.0,0.0,0.0,0.0,0.0,0.0,0.0,0.0,0.0,-0.18003629149610578,-0.18003629149610578,-0.18003629149610578,-0.2631332552563039,-0.2631332552563039,-0.2631332552563039,0.0,0.0,0.0,-0.03884875229818886,-0.03884875229818886,-0.03884875229818886,-0.04424821146200922,-0.04424821146200922,-0.04424821146200922,0.0,0.0,0.0,4.341160149547074
110,2022-01-20,5.888259624412888,-1.5861086130696724,7.89575856717016,5.888259624412888,5.888259624412888,0.0,0.0,0.0,0.0,0.0,0.0,0.0,0.0,0.0,0.0,0.0,0.0,0.0,0.0,0.0,0.0,0.0,0.0,0.0,0.0,0.0,0.0,0.0,0.0,0.0,0.0,0.0,0.0,0.0,0.0,0.0,0.0,0.0,0.0,0.0,0.0,0.0,0.0,0.0,0.0,0.0,0.0,0.0,0.0,0.0,0.0,0.0,0.0,0.0,0.0,0.0,0.0,0.0,0.0,0.0,0.0,0.0,0.0,0.0,0.0,0.0,0.0,0.0,-0.28079834971568834,-0.28079834971568834,-0.28079834971568834,-0.4444987700441394,-0.4444987700441394,-0.4444987700441394,0.0,0.0,0.0,-0.08723339999995247,-0.08723339999995247,-0.08723339999995247,-0.0764670203284986,-0.0764670203284986,-0.0764670203284986,0.0,0.0,0.0,3.270935463660793
111,2022-01-22,5.882023902916162,-0.1036825205481587,9.705260874472886,5.882023902916162,5.882023902916162,0.0,0.0,0.0,0.0,0.0,0.0,0.0,0.0,0.0,0.0,0.0,0.0,0.0,0.0,0.0,0.0,0.0,0.0,0.0,0.0,0.0,0.0,0.0,0.0,0.0,0.0,0.0,0.0,0.0,0.0,0.0,0.0,0.0,0.0,0.0,0.0,0.0,0.0,0.0,0.0,0.0,0.0,0.0,0.0,0.0,0.0,0.0,0.0,0.0,0.0,0.0,0.0,0.0,0.0,0.0,0.0,0.0,0.0,0.0,0.0,0.0,0.0,0.0,-0.17931859058147465,-0.17931859058147465,-0.17931859058147465,-0.19687758997766783,-0.19687758997766783,-0.19687758997766783,0.0,0.0,0.0,0.12177374593586132,0.12177374593586132,0.12177374593586132,-0.13933274533205453,-0.13933274533205453,-0.13933274533205453,0.0,0.0,0.0,4.7239852127189925
112,2022-01-25,5.872670320671071,-1.0784715202851596,8.86890819293441,5.872670320671071,5.872670320671071,0.0,0.0,0.0,0.0,0.0,0.0,0.0,0.0,0.0,0.0,0.0,0.0,0.0,0.0,0.0,0.0,0.0,0.0,0.0,0.0,0.0,0.0,0.0,0.0,0.0,0.0,0.0,0.0,0.0,0.0,0.0,0.0,0.0,0.0,0.0,0.0,0.0,0.0,0.0,0.0,0.0,0.0,0.0,0.0,0.0,0.0,0.0,0.0,0.0,0.0,0.0,0.0,0.0,0.0,0.0,0.0,0.0,0.0,0.0,0.0,0.0,0.0,0.0,0.09409355822680146,0.09409355822680146,0.09409355822680146,-0.33998489562310286,-0.33998489562310286,-0.33998489562310286,0.0,0.0,0.0,-0.21143278688908568,-0.21143278688908568,-0.21143278688908568,-0.2226456669608186,-0.2226456669608186,-0.2226456669608186,0.0,0.0,0.0,3.8760511146688232
113,2022-01-26,5.8695524599227085,0.1952547556778824,9.505561174032056,5.8695524599227085,5.8695524599227085,0.0,0.0,0.0,0.0,0.0,0.0,0.0,0.0,0.0,0.0,0.0,0.0,0.0,0.0,0.0,0.0,0.0,0.0,0.0,0.0,0.0,0.0,0.0,0.0,0.0,0.0,0.0,0.0,0.0,0.0,0.0,0.0,0.0,0.0,0.0,0.0,0.0,0.0,0.0,0.0,0.0,0.0,0.0,0.0,0.0,0.0,0.0,0.0,0.0,0.0,0.0,0.0,0.0,0.0,0.0,0.0,0.0,0.0,0.0,0.0,0.0,0.0,0.0,0.10186558287685754,0.10186558287685754,0.10186558287685754,-0.1829100387950581,-0.1829100387950581,-0.1829100387950581,0.0,0.0,0.0,-0.03884875229810514,-0.03884875229810514,-0.03884875229810514,-0.24592686937381047,-0.24592686937381047,-0.24592686937381047,0.0,0.0,0.0,4.795952391768617
114,2022-01-27,5.866434599174345,-0.5296196796310487,9.026081036246282,5.866434599174345,5.866434599174345,0.0,0.0,0.0,0.0,0.0,0.0,0.0,0.0,0.0,0.0,0.0,0.0,0.0,0.0,0.0,0.0,0.0,0.0,0.0,0.0,0.0,0.0,0.0,0.0,0.0,0.0,0.0,0.0,0.0,0.0,0.0,0.0,0.0,0.0,0.0,0.0,0.0,0.0,0.0,0.0,0.0,0.0,0.0,0.0,0.0,0.0,0.0,0.0,0.0,0.0,0.0,0.0,0.0,0.0,0.0,0.0,0.0,0.0,0.0,0.0,0.0,0.0,0.0,0.11464463994288658,0.11464463994288658,0.11464463994288658,-0.23907140547197167,-0.23907140547197167,-0.23907140547197167,0.0,0.0,0.0,-0.08723340000004931,-0.08723340000004931,-0.08723340000004931,-0.2664826454148089,-0.2664826454148089,-0.2664826454148089,0.0,0.0,0.0,4.4639378344403315
115,2022-01-31,5.8539631561808925,0.6352662264309176,10.33900469642181,5.8539631561808925,5.8539631561808925,0.0,0.0,0.0,0.0,0.0,0.0,0.0,0.0,0.0,0.0,0.0,0.0,0.0,0.0,0.0,0.0,0.0,0.0,0.0,0.0,0.0,0.0,0.0,0.0,0.0,0.0,0.0,0.0,0.0,0.0,0.0,0.0,0.0,0.0,0.0,0.0,0.0,0.0,0.0,0.0,0.0,0.0,0.0,0.0,0.0,0.0,0.0,0.0,0.0,0.0,0.0,0.0,0.0,0.0,0.0,0.0,0.0,0.0,0.0,0.0,0.0,0.0,0.0,0.2186330841104268,0.2186330841104268,0.2186330841104268,-0.09316107073863933,-0.09316107073863933,-0.09316107073863933,0.0,0.0,0.0,0.006942281311519319,0.006942281311519319,0.006942281311519319,-0.31873643616058545,-0.31873643616058545,-0.31873643616058545,0.0,0.0,0.0,5.308601680486536
116,2022-02-01,5.850845295432529,-1.016019193277294,8.726677284587112,5.850845295432529,5.850845295432529,0.0,0.0,0.0,0.0,0.0,0.0,0.0,0.0,0.0,0.0,0.0,0.0,0.0,0.0,0.0,0.0,0.0,0.0,0.0,0.0,0.0,0.0,0.0,0.0,0.0,0.0,0.0,0.0,0.0,0.0,0.0,0.0,0.0,0.0,0.0,0.0,0.0,0.0,0.0,0.0,0.0,0.0,0.0,0.0,0.0,0.0,0.0,0.0,0.0,0.0,0.0,0.0,0.0,0.0,0.0,0.0,0.0,0.0,0.0,0.0,0.0,0.0,0.0,0.2003976078866093,0.2003976078866093,0.2003976078866093,-0.33527179301852544,-0.33527179301852544,-0.33527179301852544,0.0,0.0,0.0,-0.21143278688893577,-0.21143278688893577,-0.21143278688893577,-0.3242366140161989,-0.3242366140161989,-0.3242366140161989,0.0,0.0,0.0,3.889221902558861
117,2022-02-03,5.844609573935802,-1.0218052580533614,9.083581408996174,5.844609573935802,5.844609573935802,0.0,0.0,0.0,0.0,0.0,0.0,0.0,0.0,0.0,0.0,0.0,0.0,0.0,0.0,0.0,0.0,0.0,0.0,0.0,0.0,0.0,0.0,0.0,0.0,0.0,0.0,0.0,0.0,0.0,0.0,0.0,0.0,0.0,0.0,0.0,0.0,0.0,0.0,0.0,0.0,0.0,0.0,0.0,0.0,0.0,0.0,0.0,0.0,0.0,0.0,0.0,0.0,0.0,0.0,0.0,0.0,0.0,0.0,0.0,0.0,0.0,0.0,0.0,0.11696411932644708,0.11696411932644708,0.11696411932644708,-0.29723473919270765,-0.29723473919270765,-0.29723473919270765,0.0,0.0,0.0,-0.0872333999998658,-0.0872333999998658,-0.0872333999998658,-0.326965458519289,-0.326965458519289,-0.326965458519289,0.0,0.0,0.0,4.107388571543791
118,2022-02-05,5.838373852439074,-0.7463491292292818,9.0095928813373,5.838373852439074,5.838373852439074,0.0,0.0,0.0,0.0,0.0,0.0,0.0,0.0,0.0,0.0,0.0,0.0,0.0,0.0,0.0,0.0,0.0,0.0,0.0,0.0,0.0,0.0,0.0,0.0,0.0,0.0,0.0,0.0,0.0,0.0,0.0,0.0,0.0,0.0,0.0,0.0,0.0,0.0,0.0,0.0,0.0,0.0,0.0,0.0,0.0,0.0,0.0,0.0,0.0,0.0,0.0,0.0,0.0,0.0,0.0,0.0,0.0,0.0,0.0,0.0,0.0,0.0,0.0,-0.07984204877359513,-0.07984204877359513,-0.07984204877359513,-0.27829914607888573,-0.27829914607888573,-0.27829914607888573,0.0,0.0,0.0,0.12177374593625005,0.12177374593625005,0.12177374593625005,-0.32023084324154066,-0.32023084324154066,-0.32023084324154066,0.0,0.0,0.0,4.213559394815985
119,2022-02-07,5.832138130998126,-2.1898881538243606,7.688882200622257,5.832138130998126,5.832138130998126,0.0,0.0,0.0,0.0,0.0,0.0,0.0,0.0,0.0,0.0,0.0,0.0,0.0,0.0,0.0,0.0,0.0,0.0,0.0,0.0,0.0,0.0,0.0,0.0,0.0,0.0,0.0,0.0,0.0,0.0,0.0,0.0,0.0,0.0,0.0,0.0,0.0,0.0,0.0,0.0,0.0,0.0,0.0,0.0,0.0,0.0,0.0,0.0,0.0,0.0,0.0,0.0,0.0,0.0,0.0,0.0,0.0,0.0,0.0,0.0,0.0,0.0,0.0,-0.22308614253869918,-0.22308614253869918,-0.22308614253869918,-0.5225496451073146,-0.5225496451073146,-0.5225496451073146,0.0,0.0,0.0,0.006942281311085045,0.006942281311085045,0.006942281311085045,-0.3064057838797005,-0.3064057838797005,-0.3064057838797005,0.0,0.0,0.0,2.784556420428218
120,2022-02-08,5.829020270277651,-3.360920596223621,6.713051918914659,5.829020270277651,5.829020270277651,0.0,0.0,0.0,0.0,0.0,0.0,0.0,0.0,0.0,0.0,0.0,0.0,0.0,0.0,0.0,0.0,0.0,0.0,0.0,0.0,0.0,0.0,0.0,0.0,0.0,0.0,0.0,0.0,0.0,0.0,0.0,0.0,0.0,0.0,0.0,0.0,0.0,0.0,0.0,0.0,0.0,0.0,0.0,0.0,0.0,0.0,0.0,0.0,0.0,0.0,0.0,0.0,0.0,0.0,0.0,0.0,0.0,0.0,0.0,0.0,0.0,0.0,0.0,-0.19042063851067456,-0.19042063851067456,-0.19042063851067456,-0.6995153589659987,-0.6995153589659987,-0.6995153589659987,0.0,0.0,0.0,-0.21143278688899414,-0.21143278688899414,-0.21143278688899414,-0.2976619335663299,-0.2976619335663299,-0.2976619335663299,0.0,0.0,0.0,1.751531063494297
121,2022-02-10,5.822784548836701,-1.258686702643424,8.587391326026493,5.822784548836701,5.822784548836701,0.0,0.0,0.0,0.0,0.0,0.0,0.0,0.0,0.0,0.0,0.0,0.0,0.0,0.0,0.0,0.0,0.0,0.0,0.0,0.0,0.0,0.0,0.0,0.0,0.0,0.0,0.0,0.0,0.0,0.0,0.0,0.0,0.0,0.0,0.0,0.0,0.0,0.0,0.0,0.0,0.0,0.0,0.0,0.0,0.0,0.0,0.0,0.0,0.0,0.0,0.0,0.0,0.0,0.0,0.0,0.0,0.0,0.0,0.0,0.0,0.0,0.0,0.0,-0.03917190770801987,-0.03917190770801987,-0.03917190770801987,-0.4045825548497309,-0.4045825548497309,-0.4045825548497309,0.0,0.0,0.0,-0.08723340000002557,-0.08723340000002557,-0.08723340000002557,-0.27817724714168546,-0.27817724714168546,-0.27817724714168546,0.0,0.0,0.0,3.4669874997288113
122,2022-02-11,5.819666688116227,-0.6241082994430517,9.284340720207307,5.819666688116227,5.819666688116227,0.0,0.0,0.0,0.0,0.0,0.0,0.0,0.0,0.0,0.0,0.0,0.0,0.0,0.0,0.0,0.0,0.0,0.0,0.0,0.0,0.0,0.0,0.0,0.0,0.0,0.0,0.0,0.0,0.0,0.0,0.0,0.0,0.0,0.0,0.0,0.0,0.0,0.0,0.0,0.0,0.0,0.0,0.0,0.0,0.0,0.0,0.0,0.0,0.0,0.0,0.0,0.0,0.0,0.0,0.0,0.0,0.0,0.0,0.0,0.0,0.0,0.0,0.0,-0.0125961157766461,-0.0125961157766461,-0.0125961157766461,-0.24264689938089323,-0.24264689938089323,-0.24264689938089323,0.0,0.0,0.0,0.03800761354440593,0.03800761354440593,0.03800761354440593,-0.2680583971486531,-0.2680583971486531,-0.2680583971486531,0.0,0.0,0.0,4.407542610814553
123,2022-02-15,5.807195245234329,-0.9208921119965978,8.18220456989954,5.807195245234329,5.807195245234329,0.0,0.0,0.0,0.0,0.0,0.0,0.0,0.0,0.0,0.0,0.0,0.0,0.0,0.0,0.0,0.0,0.0,0.0,0.0,0.0,0.0,0.0,0.0,0.0,0.0,0.0,0.0,0.0,0.0,0.0,0.0,0.0,0.0,0.0,0.0,0.0,0.0,0.0,0.0,0.0,0.0,0.0,0.0,0.0,0.0,0.0,0.0,0.0,0.0,0.0,0.0,0.0,0.0,0.0,0.0,0.0,0.0,0.0,0.0,0.0,0.0,0.0,0.0,0.07628488538244567,0.07628488538244567,0.07628488538244567,-0.36599131743680247,-0.36599131743680247,-0.36599131743680247,0.0,0.0,0.0,-0.21143278688899214,-0.21143278688899214,-0.21143278688899214,-0.23084341593025606,-0.23084341593025606,-0.23084341593025606,0.0,0.0,0.0,3.681812206818282
124,2022-02-16,5.804077384513854,-0.05276724116835169,9.76415168706835,5.804077384513854,5.804077384513854,0.0,0.0,0.0,0.0,0.0,0.0,0.0,0.0,0.0,0.0,0.0,0.0,0.0,0.0,0.0,0.0,0.0,0.0,0.0,0.0,0.0,0.0,0.0,0.0,0.0,0.0,0.0,0.0,0.0,0.0,0.0,0.0,0.0,0.0,0.0,0.0,0.0,0.0,0.0,0.0,0.0,0.0,0.0,0.0,0.0,0.0,0.0,0.0,0.0,0.0,0.0,0.0,0.0,0.0,0.0,0.0,0.0,0.0,0.0,0.0,0.0,0.0,0.0,0.09397567500907292,0.09397567500907292,0.09397567500907292,-0.1680299033201714,-0.1680299033201714,-0.1680299033201714,0.0,0.0,0.0,-0.03884875229789178,-0.03884875229789178,-0.03884875229789178,-0.22315682603135248,-0.22315682603135248,-0.22315682603135248,0.0,0.0,0.0,4.828818822731198
125,2022-02-17,5.80095952379338,-0.43671676063648474,9.417921472929583,5.80095952379338,5.80095952379338,0.0,0.0,0.0,0.0,0.0,0.0,0.0,0.0,0.0,0.0,0.0,0.0,0.0,0.0,0.0,0.0,0.0,0.0,0.0,0.0,0.0,0.0,0.0,0.0,0.0,0.0,0.0,0.0,0.0,0.0,0.0,0.0,0.0,0.0,0.0,0.0,0.0,0.0,0.0,0.0,0.0,0.0,0.0,0.0,0.0,0.0,0.0,0.0,0.0,0.0,0.0,0.0,0.0,0.0,0.0,0.0,0.0,0.0,0.0,0.0,0.0,0.0,0.0,0.027915045162334992,0.027915045162334992,0.027915045162334992,-0.2755787318586375,-0.2755787318586375,-0.2755787318586375,0.0,0.0,0.0,-0.08723339999984206,-0.08723339999984206,-0.08723339999984206,-0.21626037702113035,-0.21626037702113035,-0.21626037702113035,0.0,0.0,0.0,4.202338454663114
126,2022-02-18,5.797841663072905,-0.9700392645679382,9.070733476342694,5.797841663072905,5.797841663072905,0.0,0.0,0.0,0.0,0.0,0.0,0.0,0.0,0.0,0.0,0.0,0.0,0.0,0.0,0.0,0.0,0.0,0.0,0.0,0.0,0.0,0.0,0.0,0.0,0.0,0.0,0.0,0.0,0.0,0.0,0.0,0.0,0.0,0.0,0.0,0.0,0.0,0.0,0.0,0.0,0.0,0.0,0.0,0.0,0.0,0.0,0.0,0.0,0.0,0.0,0.0,0.0,0.0,0.0,0.0,0.0,0.0,0.0,0.0,0.0,0.0,0.0,0.0,-0.10756872933682128,-0.10756872933682128,-0.10756872933682128,-0.2796942577511645,-0.2796942577511645,-0.2796942577511645,0.0,0.0,0.0,0.03800761354469564,0.03800761354469564,0.03800761354469564,-0.21013314195903887,-0.21013314195903887,-0.21013314195903887,0.0,0.0,0.0,4.1762186425609515
127,2022-02-19,5.794723802352432,-1.0639245267609094,8.72970673828375,5.794723802352432,5.794723802352432,0.0,0.0,0.0,0.0,0.0,0.0,0.0,0.0,0.0,0.0,0.0,0.0,0.0,0.0,0.0,0.0,0.0,0.0,0.0,0.0,0.0,0.0,0.0,0.0,0.0,0.0,0.0,0.0,0.0,0.0,0.0,0.0,0.0,0.0,0.0,0.0,0.0,0.0,0.0,0.0,0.0,0.0,0.0,0.0,0.0,0.0,0.0,0.0,0.0,0.0,0.0,0.0,0.0,0.0,0.0,0.0,0.0,0.0,0.0,0.0,0.0,0.0,0.0,-0.24093845257471144,-0.24093845257471144,-0.24093845257471144,-0.3238678631702876,-0.3238678631702876,-0.3238678631702876,0.0,0.0,0.0,0.1217737459362557,0.1217737459362557,0.1217737459362557,-0.20470315653183183,-0.20470315653183183,-0.20470315653183183,0.0,0.0,0.0,3.9179989868225458
128,2022-02-22,5.785370222510238,-1.8778280054688008,7.7396812062569005,5.785370222510238,5.785370222510238,0.0,0.0,0.0,0.0,0.0,0.0,0.0,0.0,0.0,0.0,0.0,0.0,0.0,0.0,0.0,0.0,0.0,0.0,0.0,0.0,0.0,0.0,0.0,0.0,0.0,0.0,0.0,0.0,0.0,0.0,0.0,0.0,0.0,0.0,0.0,0.0,0.0,0.0,0.0,0.0,0.0,0.0,0.0,0.0,0.0,0.0,0.0,0.0,0.0,0.0,0.0,0.0,0.0,0.0,0.0,0.0,0.0,0.0,0.0,0.0,0.0,0.0,0.0,-0.11250446745819277,-0.11250446745819277,-0.11250446745819277,-0.5151350602742933,-0.5151350602742933,-0.5151350602742933,0.0,0.0,0.0,-0.2114327868890505,-0.2114327868890505,-0.2114327868890505,-0.19119780592705013,-0.19119780592705013,-0.19119780592705013,0.0,0.0,0.0,2.8051231842283246
129,2022-02-23,5.782252362562838,-0.5002993758169373,9.355554940156939,5.782252362562838,5.782252362562838,0.0,0.0,0.0,0.0,0.0,0.0,0.0,0.0,0.0,0.0,0.0,0.0,0.0,0.0,0.0,0.0,0.0,0.0,0.0,0.0,0.0,0.0,0.0,0.0,0.0,0.0,0.0,0.0,0.0,0.0,0.0,0.0,0.0,0.0,0.0,0.0,0.0,0.0,0.0,0.0,0.0,0.0,0.0,0.0,0.0,0.0,0.0,0.0,0.0,0.0,0.0,0.0,0.0,0.0,0.0,0.0,0.0,0.0,0.0,0.0,0.0,0.0,0.0,0.009806218305961928,0.009806218305961928,0.009806218305961928,-0.216016013607216,-0.216016013607216,-0.216016013607216,0.0,0.0,0.0,-0.03884875229784587,-0.03884875229784587,-0.03884875229784587,-0.1869734796153321,-0.1869734796153321,-0.1869734796153321,0.0,0.0,0.0,4.533193257531107
130,2022-02-25,5.776016642668043,0.7690550278578593,10.157012979128647,5.776016642668043,5.776016642668043,0.0,0.0,0.0,0.0,0.0,0.0,0.0,0.0,0.0,0.0,0.0,0.0,0.0,0.0,0.0,0.0,0.0,0.0,0.0,0.0,0.0,0.0,0.0,0.0,0.0,0.0,0.0,0.0,0.0,0.0,0.0,0.0,0.0,0.0,0.0,0.0,0.0,0.0,0.0,0.0,0.0,0.0,0.0,0.0,0.0,0.0,0.0,0.0,0.0,0.0,0.0,0.0,0.0,0.0,0.0,0.0,0.0,0.0,0.0,0.0,0.0,0.0,0.0,0.09961754826381117,0.09961754826381117,0.09961754826381117,-0.03988693692097213,-0.03988693692097213,-0.03988693692097213,0.0,0.0,0.0,0.03800761354469497,0.03800761354469497,0.03800761354469497,-0.1775120987294783,-0.1775120987294783,-0.1775120987294783,0.0,0.0,0.0,5.545629031187457
131,2022-02-26,5.772898782720645,1.5284044898964586,11.045155752752603,5.772898782720645,5.772898782720645,0.0,0.0,0.0,0.0,0.0,0.0,0.0,0.0,0.0,0.0,0.0,0.0,0.0,0.0,0.0,0.0,0.0,0.0,0.0,0.0,0.0,0.0,0.0,0.0,0.0,0.0,0.0,0.0,0.0,0.0,0.0,0.0,0.0,0.0,0.0,0.0,0.0,0.0,0.0,0.0,0.0,0.0,0.0,0.0,0.0,0.0,0.0,0.0,0.0,0.0,0.0,0.0,0.0,0.0,0.0,0.0,0.0,0.0,0.0,0.0,0.0216225,0.0216225,0.0216225,0.10577754824111667,0.10577754824111667,0.10577754824111667,0.07741070291406456,0.07741070291406456,0.07741070291406456,0.0216225,0.0216225,0.0216225,0.12177374593585988,0.12177374593585988,0.12177374593585988,-0.171763091262912,-0.171763091262912,-0.171763091262912,0.0,0.0,0.0,6.219782935342797
132,2022-02-28,5.766663062825849,0.8350700635007676,10.999828843471125,5.766663062825849,5.766663062825849,0.0,0.0,0.0,0.0,0.0,0.0,-0.0290314,-0.0290314,-0.0290314,0.0,0.0,0.0,0.0,0.0,0.0,0.0,0.0,0.0,0.0,0.0,0.0,0.0,0.0,0.0,0.0,0.0,0.0,0.0,0.0,0.0,0.0,0.0,0.0,0.0,0.0,0.0,0.0,0.0,0.0,0.0,0.0,0.0,0.0,0.0,0.0,0.0,0.0,0.0,0.0,0.0,0.0,0.0,0.0,0.0,0.0,0.0,0.0,0.0,0.0,0.0,-0.0074088999999999995,-0.0074088999999999995,-0.0074088999999999995,0.17104922689136995,0.17104922689136995,0.17104922689136995,0.01358001227095489,0.01358001227095489,0.01358001227095489,0.0216225,0.0216225,0.0216225,0.006942281310794739,0.006942281310794739,0.006942281310794739,-0.15700259593120977,-0.15700259593120977,-0.15700259593120977,0.0,0.0,0.0,5.8449744179814855
133,2022-03-02,5.760427342931052,1.230967347896045,11.149739544740436,5.760427342931052,5.760427342931052,0.0,0.0,0.0,0.0,0.0,0.0,0.0,0.0,0.0,0.0,0.0,0.0,0.0,0.0,0.0,0.0,0.0,0.0,0.0,0.0,0.0,0.0,0.0,0.0,0.0,0.0,0.0,0.0,0.0,0.0,0.0,0.0,0.0,0.0,0.0,0.0,0.0,0.0,0.0,0.0,0.0,0.0,0.0,0.0,0.0,0.0,0.0,0.0,0.0,0.0,0.0,0.0,0.0,0.0,0.0,0.0,0.0,0.0,0.0,0.0,0.0216225,0.0216225,0.0216225,0.22132213332075779,0.22132213332075779,0.22132213332075779,0.06757601044207219,0.06757601044207219,0.06757601044207219,0.0216225,0.0216225,0.0216225,-0.03884875229776216,-0.03884875229776216,-0.03884875229776216,-0.13651987058092344,-0.13651987058092344,-0.13651987058092344,0.0,0.0,0.0,6.149694041207759
134,2022-03-03,5.757309482983654,0.9426820945973569,10.812441335246447,5.757309482983654,5.757309482983654,0.0,0.0,0.0,0.0,0.0,0.0,0.0,0.0,0.0,0.0,0.0,0.0,0.0,0.0,0.0,0.0,0.0,0.0,0.0,0.0,0.0,0.0,0.0,0.0,0.0,0.0,0.0,0.0,0.0,0.0,0.0,0.0,0.0,0.0,0.0,0.0,0.0,0.0,0.0,0.0,0.0,0.0,0.0,0.0,0.0,0.0,0.0,0.0,0.0,0.0,0.0,0.0,0.0,0.0,0.0,0.0,0.0,0.0,0.0,0.0,0.0216225,0.0216225,0.0216225,0.21124502941456944,0.21124502941456944,0.21124502941456944,0.021879415831954623,0.021879415831954623,0.021879415831954623,0.0216225,0.0216225,0.0216225,-0.0872333999999585,-0.0872333999999585,-0.0872333999999585,-0.12375471358265633,-0.12375471358265633,-0.12375471358265633,0.0,0.0,0.0,5.883276051235109
135,2022-03-10,5.735484463351868,-1.0751230440473305,8.841388732876693,5.735484463351868,5.735484463351868,0.0,0.0,0.0,0.0,0.0,0.0,0.0,0.0,0.0,0.0,0.0,0.0,0.0,0.0,0.0,0.0,0.0,0.0,0.0,0.0,0.0,0.0,0.0,0.0,0.0,0.0,0.0,0.0,0.0,0.0,0.0,0.0,0.0,0.0,0.0,0.0,0.0,0.0,0.0,0.0,0.0,0.0,0.0,0.0,0.0,0.0,0.0,0.0,0.0,0.0,0.0,0.0,0.0,0.0,0.0,0.0,0.0,0.0,0.0,0.0,0.0,0.0,0.0,-0.21547932500801806,-0.21547932500801806,-0.21547932500801806,-0.29044916486907635,-0.29044916486907635,-0.29044916486907635,0.0,0.0,0.0,-0.08723339999991517,-0.08723339999991517,-0.08723339999991517,0.012263560138856907,0.012263560138856907,0.012263560138856907,0.0,0.0,0.0,4.069617790851755
136,2022-03-12,5.729248743457072,1.537905305046499,11.10644478708988,5.729248743457072,5.729248743457072,0.0,0.0,0.0,0.0,0.0,0.0,0.0,0.0,0.0,0.0,0.0,0.0,0.0,0.0,0.0,0.0,0.0,0.0,0.0,0.0,0.0,0.0,0.0,0.0,0.0,0.0,0.0,0.0,0.0,0.0,0.0,0.0,0.0,0.0,0.0,0.0,0.0,0.0,0.0,0.0,0.0,0.0,0.0,0.0,0.0,0.0,0.0,0.0,0.0,0.0,0.0,0.0,0.0,0.0,0.0,0.0,0.0,0.0,0.0,0.0,0.0,0.0,0.0,-0.07068092754877711,-0.07068092754877711,-0.07068092754877711,0.11183776079290579,0.11183776079290579,0.11183776079290579,0.0,0.0,0.0,0.12177374593586553,0.12177374593586553,0.12177374593586553,0.06074494240581739,0.06074494240581739,0.06074494240581739,0.0,0.0,0.0,6.36999509395088
137,2022-03-22,5.698070143388265,-0.6019639447539398,9.036680560879276,5.698070143388265,5.698070143388265,0.0,0.0,0.0,0.0,0.0,0.0,0.0,0.0,0.0,0.0,0.0,0.0,0.0,0.0,0.0,0.0,0.0,0.0,0.0,0.0,0.0,0.0,0.0,0.0,0.0,0.0,0.0,0.0,0.0,0.0,0.0,0.0,0.0,0.0,0.0,0.0,0.0,0.0,0.0,0.0,0.0,0.0,0.0,0.0,0.0,0.0,0.0,0.0,0.0,0.0,0.0,0.0,0.0,0.0,0.0,0.0,0.0,0.0,0.0,0.0,0.0,0.0,0.0,-0.28079834971566703,-0.28079834971566703,-0.28079834971566703,-0.26807555976643105,-0.26807555976643105,-0.26807555976643105,0.0,0.0,0.0,-0.21143278688907574,-0.21143278688907574,-0.21143278688907574,0.2241555768383118,0.2241555768383118,0.2241555768383118,0.0,0.0,0.0,4.170556800111068
138,2022-03-23,5.694952283381385,0.08616633735579488,9.582720162052048,5.694952283381385,5.694952283381385,0.0,0.0,0.0,0.0,0.0,0.0,0.0,0.0,0.0,0.0,0.0,0.0,0.0,0.0,0.0,0.0,0.0,0.0,0.0,0.0,0.0,0.0,0.0,0.0,-0.0175054,-0.0175054,-0.0175054,0.0,0.0,0.0,0.0,0.0,0.0,0.0,0.0,0.0,0.0,0.0,0.0,0.0,0.0,0.0,0.0,0.0,0.0,0.0,0.0,0.0,0.0,0.0,0.0,0.0,0.0,0.0,0.0,0.0,0.0,0.0,0.0,0.0,-0.0175054,-0.0175054,-0.0175054,-0.2781670408175021,-0.2781670408175021,-0.2781670408175021,-0.1104798139576849,-0.1104798139576849,-0.1104798139576849,0.0,0.0,0.0,-0.03884875229792466,-0.03884875229792466,-0.03884875229792466,0.22404137915774186,0.22404137915774186,0.22404137915774186,0.0,0.0,0.0,5.065775014615516
139,2022-03-24,5.691834423374504,0.7483412646942389,10.312461678652427,5.691834423374504,5.691834423374504,0.0,0.0,0.0,0.0,0.0,0.0,0.0,0.0,0.0,0.0,0.0,0.0,0.0,0.0,0.0,0.0,0.0,0.0,0.0,0.0,0.0,0.0,0.0,0.0,0.0,0.0,0.0,0.0,0.0,0.0,0.0,0.0,0.0,0.0,0.0,0.0,0.0,0.0,0.0,0.0,0.0,0.0,0.0,0.0,0.0,0.0,0.0,0.0,0.0,0.0,0.0,0.0,0.0,0.0,0.0,0.0,0.0,0.0,0.0,0.0,0.0,0.0,0.0,-0.17931859058135272,-0.17931859058135272,-0.17931859058135272,-0.04656690643689165,-0.04656690643689165,-0.04656690643689165,0.0,0.0,0.0,-0.08723339999996865,-0.08723339999996865,-0.08723339999996865,0.21998508414442972,0.21998508414442972,0.21998508414442972,0.0,0.0,0.0,5.426783302326944
140,2022-04-02,5.663773683312581,2.6595600420639407,12.993830984583346,5.663773683312581,5.663773683312581,0.0,0.0,0.0,0.0,0.0,0.0,0.0,0.0,0.0,0.0,0.0,0.0,0.0,0.0,0.0,0.0,0.0,0.0,0.0,0.0,0.0,0.0,0.0,0.0,0.0,0.0,0.0,0.0,0.0,0.0,0.0,0.0,0.0,0.0,0.0,0.0,0.0,0.0,0.0,0.0,0.0,0.0,0.0,0.0,0.0,0.0,0.0,0.0,0.0,0.0,0.0,0.0,0.0,0.0,0.0,0.0,0.0,0.0,0.0,0.0,0.0,0.0,0.0,0.21863308411031482,0.21863308411031482,0.21863308411031482,0.37210158607182525,0.37210158607182525,0.37210158607182525,0.0,0.0,0.0,0.12177374593624152,0.12177374593624152,0.12177374593624152,0.03169475602526889,0.03169475602526889,0.03169475602526889,0.0,0.0,0.0,7.771272854025056
141,2022-04-04,5.657537963298819,2.145953497372002,11.445760113777014,5.657537963298819,5.657537963298819,0.0,0.0,0.0,0.0,0.0,0.0,0.0,0.0,0.0,0.0,0.0,0.0,0.0,0.0,0.0,0.0,0.0,0.0,0.0,0.0,0.0,0.0,0.0,0.0,0.0,0.0,0.0,0.0,0.0,0.0,0.0395115,0.0395115,0.0395115,0.0,0.0,0.0,0.0,0.0,0.0,0.0,0.0,0.0,0.0,0.0,0.0,0.0,0.0,0.0,0.0,0.0,0.0,0.0,0.0,0.0,0.0,0.0,0.0,0.0,0.0,0.0,0.0395115,0.0395115,0.0395115,0.16917719716258728,0.16917719716258728,0.16917719716258728,0.18597610834619088,0.18597610834619088,0.18597610834619088,0.0,0.0,0.0,0.006942281310591943,0.006942281310591943,0.006942281310591943,-0.02965487012698836,-0.02965487012698836,-0.02965487012698836,0.0,0.0,0.0,6.709704856533968
142,2022-04-07,5.648184383278178,-1.3504006936108688,8.883502104648908,5.648184383278178,5.648184383278178,0.0,0.0,0.0,0.0,0.0,0.0,0.0,0.0,0.0,0.0,0.0,0.0,0.0,0.0,0.0,0.0,0.0,0.0,0.0,0.0,0.0,0.0,0.0,0.0,0.0,0.0,0.0,0.0,0.0,0.0,0.0,0.0,0.0,0.0,0.0,0.0,0.0,0.0,0.0,0.0,0.0,0.0,0.0,0.0,0.0,0.0,0.0,0.0,0.0,0.0,0.0,0.0,0.0,0.0,0.0,0.0,0.0,0.0,0.0,0.0,0.0,0.0,0.0,-0.0798420487736446,-0.0798420487736446,-0.0798420487736446,-0.2814774318724087,-0.2814774318724087,-0.2814774318724087,0.0,0.0,0.0,-0.08723340000002215,-0.08723340000002215,-0.08723340000002215,-0.11440198309874193,-0.11440198309874193,-0.11440198309874193,0.0,0.0,0.0,4.058347948331192
143,2022-04-11,5.635712943250654,-0.5120264582883939,8.491030579545173,5.635712943250654,5.635712943250654,0.0,0.0,0.0,0.0,0.0,0.0,0.0,0.0,0.0,0.0,0.0,0.0,0.0,0.0,0.0,0.0,0.0,0.0,0.0,0.0,0.0,0.0,0.0,0.0,0.0,0.0,0.0,0.0,0.0,0.0,0.0,0.0,0.0,0.0,0.0,0.0,0.0,0.0,0.0,0.0,0.0,0.0,0.0,0.0,0.0,0.0,0.0,0.0,0.0,0.0,0.0,0.0,0.0,0.0,0.0,0.0,0.0,0.0,0.0,0.0,0.0,0.0,0.0,-0.11073038999992442,-0.11073038999992442,-0.11073038999992442,-0.2921043000807365,-0.2921043000807365,-0.2921043000807365,0.0,0.0,0.0,0.006942281310157655,0.006942281310157655,0.006942281310157655,-0.18831619139096978,-0.18831619139096978,-0.18831619139096978,0.0,0.0,0.0,3.9894969585064746
144,2022-04-13,5.6294772232368935,-0.5496171882983082,9.479061948089877,5.6294772232368935,5.6294772232368935,0.0,0.0,0.0,0.0,0.0,0.0,0.0,0.0,0.0,0.0,0.0,0.0,0.0,0.0,0.0,0.0,0.0,0.0,0.0,0.0,0.0,0.0,0.0,0.0,0.0,0.0,0.0,0.0,0.0,0.0,0.0,0.0,0.0,0.0,0.0,0.0,0.0,0.0,0.0,0.0,0.0,0.0,0.0,0.0,0.0,0.0,0.0,0.0,0.0,0.0,0.0,0.0,0.0,0.0,0.0,0.0,0.0,0.0,0.0,0.0,0.0,0.0,0.0,-0.012596115776789915,-0.012596115776789915,-0.012596115776789915,-0.2515054638875087,-0.2515054638875087,-0.2515054638875087,0.0,0.0,0.0,-0.03884875229808721,-0.03884875229808721,-0.03884875229808721,-0.20006059581263158,-0.20006059581263158,-0.20006059581263158,0.0,0.0,0.0,4.213632942762534
145,2022-04-15,5.623241503223133,-0.21093845544069154,9.438972978620093,5.623241503223133,5.623241503223133,0.0,0.0,0.0,0.0,0.0,0.0,0.0,0.0,0.0,0.0,0.0,0.0,0.0,0.0,0.0,0.0,0.0,0.0,0.0,0.0,0.0,0.0,0.0,0.0,0.0,0.0,0.0,0.0,0.0,0.0,0.0,0.0,0.0,0.0,0.0,0.0,0.0,0.0,0.0,0.0,0.0,0.0,0.0,0.0,0.0,0.0,0.0,0.0,0.0,0.0,0.0,0.0,0.0,0.0,0.0,0.0,0.0,0.0152001,0.0152001,0.0152001,0.0152001,0.0152001,0.0152001,-0.019569135376780053,-0.019569135376780053,-0.019569135376780053,-0.15866196971597082,-0.15866196971597082,-0.15866196971597082,0.0,0.0,0.0,0.038007613544910675,0.038007613544910675,0.038007613544910675,-0.19230054788410145,-0.19230054788410145,-0.19230054788410145,0.0,0.0,0.0,4.731046930133154
146,2022-04-16,5.620123643167727,0.5855917299426877,10.259320189949474,5.620123643167727,5.620123643167727,0.0,0.0,0.0,0.0,0.0,0.0,0.0,0.0,0.0,0.0,0.0,0.0,0.0,0.0,0.0,0.0,0.0,0.0,0.0,0.0,0.0,0.0,0.0,0.0,0.0,0.0,0.0,0.0,0.0,0.0,0.0,0.0,0.0,0.0,0.0,0.0,0.0,0.0,0.0,0.0,0.0,0.0,0.0,0.0,0.0,0.0,0.0,0.0,0.0,0.0,0.0,0.0,0.0,0.0,0.0,0.0,0.0,0.0,0.0,0.0,0.0,0.0,0.0,0.01927551084484485,0.01927551084484485,0.01927551084484485,-0.03997292941095309,-0.03997292941095309,-0.03997292941095309,0.0,0.0,0.0,0.12177374593624718,0.12177374593624718,0.12177374593624718,-0.18102218619204513,-0.18102218619204513,-0.18102218619204513,0.0,0.0,0.0,5.3954708374985545
147,2022-04-18,5.6138879230569145,0.2930904980231953,9.956083530095427,5.6138879230569145,5.6138879230569145,0.0,0.0,0.0,0.0,0.0,0.0,0.0,0.0,0.0,0.0,0.0,0.0,0.0,0.0,0.0,0.0,0.0,0.0,0.0,0.0,0.0,0.0,0.0,0.0,0.0,0.0,0.0,0.0,0.0,0.0,0.0,0.0,0.0,0.0,0.0,0.0,0.0,0.0,0.0,0.0,0.0,0.0,0.0,0.0,0.0,0.0,0.0,0.0,0.0,0.0,0.0,0.0,0.0,0.0,0.0,0.0,0.0,0.0,0.0,0.0,0.0,0.0,0.0,0.09397567500895342,0.09397567500895342,0.09397567500895342,-0.04349073021718189,-0.04349073021718189,-0.04349073021718189,0.0,0.0,0.0,0.006942281310060885,0.006942281310060885,0.006942281310060885,-0.14440868653619618,-0.14440868653619618,-0.14440868653619618,0.0,0.0,0.0,5.3697358379257505
148,2022-04-19,5.610770063001508,-1.4126337639290498,8.395324834345873,5.610770063001508,5.610770063001508,0.0,0.0,0.0,0.0,0.0,0.0,0.0,0.0,0.0,0.0,0.0,0.0,0.0,0.0,0.0,0.0,0.0,0.0,0.0,0.0,0.0,0.0,0.0,0.0,0.0,0.0,0.0,0.0,0.0,0.0,0.0,0.0,0.0,0.0,0.0,0.0,0.0,0.0,0.0,0.0,0.0,0.0,0.0,0.0,0.0,0.0,0.0,0.0,0.0,0.0,0.0,0.0,0.0,0.0,0.0,0.0,0.0,0.0,0.0,0.0,0.0,0.0,0.0,0.027915045162344998,0.027915045162344998,0.027915045162344998,-0.3031911336307228,-0.3031911336307228,-0.3031911336307228,0.0,0.0,0.0,-0.2114327868890406,-0.2114327868890406,-0.2114327868890406,-0.11967339190402726,-0.11967339190402726,-0.11967339190402726,0.0,0.0,0.0,3.9096343270587584
149,2022-04-21,5.6045343428906955,-1.7325134279831877,8.40232943768408,5.6045343428906955,5.6045343428906955,0.0,0.0,0.0,0.0,0.0,0.0,0.0,0.0,0.0,0.0,0.0,0.0,0.0,0.0,0.0,0.0,0.0,0.0,0.0,0.0,0.0,0.0,0.0,0.0,0.0,0.0,0.0,0.0,0.0,0.0,0.0,0.0,0.0,0.0,0.0,0.0,0.0,0.0,0.0,0.0,0.0,0.0,0.0,0.0,0.0,0.0,0.0,0.0,0.0,0.0,0.0,0.0,0.0,0.0,0.0,0.0,0.0,0.0,0.0,0.0,0.0,0.0,0.0,-0.24093845257468216,-0.24093845257468216,-0.24093845257468216,-0.3877132584020047,-0.3877132584020047,-0.3877132584020047,0.0,0.0,0.0,-0.08723339999999842,-0.08723339999999842,-0.08723339999999842,-0.05954140582732416,-0.05954140582732416,-0.05954140582732416,0.0,0.0,0.0,3.4315820709826057
150,2022-04-23,5.5982986227798825,0.2847557802820927,9.832124305879054,5.5982986227798825,5.5982986227798825,0.0,0.0,0.0,0.0,0.0,0.0,0.0,0.0,0.0,0.0,0.0,0.0,0.0,0.0,0.0,0.0,0.0,0.0,0.0,0.0,0.0,0.0,0.0,0.0,0.0,0.0,0.0,0.0,0.0,0.0,0.0,0.0,0.0,0.0,0.0,0.0,0.0,0.0,0.0,0.0,0.0,0.0,0.0,0.0,0.0,0.0,0.0,0.0,0.0,0.0,0.0,0.0,0.0,0.0,0.0,0.0,0.0,0.0,0.0,0.0,0.0,0.0,0.0,-0.23766356971794103,-0.23766356971794103,-0.23766356971794103,-0.10493119613037882,-0.10493119613037882,-0.10493119613037882,0.0,0.0,0.0,0.12177374593605847,0.12177374593605847,0.12177374593605847,0.010958627651503742,0.010958627651503742,0.010958627651503742,0.0,0.0,0.0,5.0108624519965375
151,2022-04-24,5.5951807627244765,1.1670801811760663,11.02106539032245,5.5951807627244765,5.5951807627244765,0.0,0.0,0.0,0.0,0.0,0.0,0.0,0.0,0.0,0.0,0.0,0.0,0.0,0.0,0.0,0.0,0.0,0.0,0.0,0.0,0.0,0.0,0.0,0.0,0.0,0.0,0.0,0.0,0.0,0.0,0.0,0.0,0.0,0.0,0.0,0.0,0.0,0.0,0.0,0.0,0.0,0.0,0.0,0.0,0.0,0.0,0.0,0.0,0.0,0.0,0.0,0.0,0.0,0.0,0.0,0.0,0.0,0.0,0.0,0.0,0.0,0.0,0.0,-0.11250446745821097,-0.11250446745821097,-0.11250446745821097,0.10671375433987598,0.10671375433987598,0.10671375433987598,0.0,0.0,0.0,0.17079129839525398,0.17079129839525398,0.17079129839525398,0.04842692340283299,0.04842692340283299,0.04842692340283299,0.0,0.0,0.0,6.192263508125056
152,2022-04-25,5.5920629026690705,1.1610087246321281,11.083470890919518,5.5920629026690705,5.5920629026690705,0.0,0.0,0.0,0.0,0.0,0.0,0.0,0.0,0.0,0.0,0.0,0.0,0.0,0.0,0.0,0.0,0.0,0.0,0.0,0.0,0.0,0.0,0.0,0.0,0.0,0.0,0.0,0.0,0.0,0.0,0.0,0.0,0.0,0.0,0.0,0.0,0.0,0.0,0.0,0.0,0.0,0.0,0.0,0.0,0.0,0.0,0.0,0.0,0.0,0.0,0.0,0.0,0.0,0.0,0.0,0.0,0.0,0.0,0.0,0.0,0.0,0.0,0.0,0.009806218306017828,0.009806218306017828,0.009806218306017828,0.10314895429424883,0.10314895429424883,0.10314895429424883,0.0,0.0,0.0,0.006942281309964122,0.006942281309964122,0.006942281309964122,0.08640045467826687,0.08640045467826687,0.08640045467826687,0.0,0.0,0.0,6.168878343427046
153,2022-04-26,5.588945042613664,0.9648408876846113,10.54579129311534,5.588945042613664,5.588945042613664,0.0,0.0,0.0,0.0,0.0,0.0,0.0,0.0,0.0,0.0,0.0,0.0,0.0,0.0,0.0,0.0,0.0,0.0,0.0,0.0,0.0,0.0,0.0,0.0,0.0,0.0,0.0,0.0,0.0,0.0,0.0,0.0,0.0,0.0,0.0,0.0,0.0,0.0,0.0,0.0,0.0,0.0,0.0,0.0,0.0,0.0,0.0,0.0,0.0,0.0,0.0,0.0,0.0,0.0,0.0,0.0,0.0,0.0,0.0,0.0,0.0,0.0,0.0,0.0798615402505929,0.0798615402505929,0.0798615402505929,-0.0074480219826190686,-0.0074480219826190686,-0.0074480219826190686,0.0,0.0,0.0,-0.2114327868890386,-0.2114327868890386,-0.2114327868890386,0.12412322465582658,0.12412322465582658,0.12412322465582658,0.0,0.0,0.0,5.547318457076628
154,2022-04-29,5.5795914624474445,2.654529229655955,12.779058630281245,5.5795914624474445,5.5795914624474445,0.0,0.0,0.0,0.0,0.0,0.0,0.0,0.0,0.0,0.0,0.0,0.0,0.0,0.0,0.0,0.0,0.0,0.0,0.0,0.0,0.0,0.0,0.0,0.0,0.0,0.0,0.0,0.0,0.0,0.0,0.0,0.0,0.0,0.0,0.0,0.0,0.0,0.0,0.0,0.0,0.0,0.0,0.0,0.0,0.0,0.0,0.0,0.0,0.0,0.0,0.0,0.0,0.0,0.0,0.0,0.0,0.0,0.0,0.0,0.0,0.0,0.0,0.0,0.12951124827446253,0.12951124827446253,0.12951124827446253,0.3958155803741712,0.3958155803741712,0.3958155803741712,0.0,0.0,0.0,0.038007613544548964,0.038007613544548964,0.038007613544548964,0.22829671855515968,0.22829671855515968,0.22829671855515968,0.0,0.0,0.0,7.78808069540685
155,2022-04-30,5.576473602393712,3.6261455945831607,13.685863638348147,5.576473602393712,5.576473602393712,0.0,0.0,0.0,0.0,0.0,0.0,0.0,0.0,0.0,0.0,0.0,0.0,0.0,0.0,0.0,0.0,0.0,0.0,0.0,0.0,0.0,0.0,0.0,0.0,0.0,0.0,0.0,0.0,0.0,0.0,0.0,0.0,0.0,0.0,0.0,0.0,0.0,0.0,0.0,0.0,0.0,0.0,0.0,0.0,0.0,0.0,0.0,0.0,0.0,0.0,0.0,0.0,0.0,0.0,0.0,0.0,0.0,0.0,0.0,0.0,0.0,0.0,0.0,0.17104922689127472,0.17104922689127472,0.17104922689127472,0.5504827154933867,0.5504827154933867,0.5504827154933867,0.0,0.0,0.0,0.12177374593625284,0.12177374593625284,0.12177374593625284,0.2576597426658591,0.2576597426658591,0.2576597426658591,0.0,0.0,0.0,8.646225933916591
156,2022-05-02,5.570237882286247,3.7894415177245766,13.255561959200111,5.570237882286247,5.570237882286247,0.0,0.0,0.0,0.0,0.0,0.0,0.0,0.0,0.0,0.0,0.0,0.0,0.0,0.0,0.0,0.0,0.0,0.0,0.0,0.0,0.0,0.0,0.0,0.0,0.0,0.0,0.0,0.0,0.0,0.0,0.0,0.0,0.0,0.0,0.0,0.0,0.0,0.0,0.0,0.0,0.0,0.0,0.0,0.0,0.0,0.0,0.0,0.0,0.0,0.0,0.0,0.0,0.0,0.0,0.0,0.0,0.0,0.0,0.0,0.0,0.0,0.0,0.0,0.22132213332063927,0.22132213332063927,0.22132213332063927,0.5328852055283533,0.5328852055283533,0.5328852055283533,0.0,0.0,0.0,0.006942281310823452,0.006942281310823452,0.006942281310823452,0.30462079089689054,0.30462079089689054,0.30462079089689054,0.0,0.0,0.0,8.538535241030173
157,2022-05-03,5.567120022232515,2.249485010238052,12.107701854542047,5.567120022232515,5.567120022232515,0.0,0.0,0.0,0.0,0.0,0.0,0.0,0.0,0.0,0.0,0.0,0.0,0.0,0.0,0.0,0.0,0.0,0.0,0.0,0.0,0.0,0.0,0.0,0.0,0.0,0.0,0.0,0.0,0.0,0.0,0.0,0.0,0.0,0.0,0.0,0.0,0.0,0.0,0.0,0.0,0.0,0.0,0.0,0.0,0.0,0.0,0.0,0.0,0.0,0.0,0.0,0.0,0.0,0.0,0.0,0.0,0.0,0.0,0.0,0.0,0.0,0.0,0.0,0.21124502941449602,0.21124502941449602,0.21124502941449602,0.32104200210893535,0.32104200210893535,0.32104200210893535,0.0,0.0,0.0,-0.211432786889097,-0.211432786889097,-0.211432786889097,0.3212297595835365,0.3212297595835365,0.3212297595835365,0.0,0.0,0.0,7.354399380150782
158,2022-05-06,5.557766442071319,3.4181418412863556,12.995046427481148,5.557766442071319,5.557766442071319,0.0,0.0,0.0,0.0,0.0,0.0,0.0,0.0,0.0,0.0,0.0,0.0,0.0,0.0,0.0,0.0,0.0,0.0,0.0,0.0,0.0,0.0,0.0,0.0,0.0,0.0,0.0,0.0,0.0,0.0,0.0,0.0,0.0,0.0,0.0,0.0,0.0,0.0,0.0,0.0,0.0,0.0,0.0,0.0,0.0,0.0,0.0,0.0,0.0,0.0,0.0,0.0,0.0,0.0,0.0,0.0,0.0,0.0,0.0,0.0,0.0,0.0,0.0,0.0786546149422315,0.0786546149422315,0.0786546149422315,0.4562545869269856,0.4562545869269856,0.4562545869269856,0.0,0.0,0.0,0.03800761354425792,0.03800761354425792,0.03800761354425792,0.3395923584404963,0.3395923584404963,0.3395923584404963,0.0,0.0,0.0,8.093522874335232
159,2022-05-07,5.554648582017587,2.7737438041040194,12.563572403567576,5.554648582017587,5.554648582017587,0.0,0.0,0.0,0.0,0.0,0.0,0.0,0.0,0.0,0.0,0.0,0.0,0.0,0.0,0.0,0.0,0.0,0.0,0.0,0.0,0.0,0.0,0.0,0.0,0.0,0.0,0.0,0.0,0.0,0.0,0.0,0.0,0.0,0.0,0.0,0.0,0.0,0.0,0.0,0.0,0.0,0.0,0.0,0.0,0.0,0.0,0.0,0.0,0.0,0.0,0.0,0.0,0.0,0.0,0.0,0.0,0.0,0.0,0.0,0.0,0.0,0.0,0.0,-0.02262495208561912,-0.02262495208561912,-0.02262495208561912,0.4338785352896487,0.4338785352896487,0.4338785352896487,0.0,0.0,0.0,0.12177374593585702,0.12177374593585702,0.12177374593585702,0.3347297414394108,0.3347297414394108,0.3347297414394108,0.0,0.0,0.0,7.964691372832101
160,2022-05-10,5.545295001856391,0.15386580367065195,9.525670860559215,5.545295001856391,5.545295001856391,0.0,0.0,0.0,0.0,0.0,0.0,0.0,0.0,0.0,0.0,0.0,0.0,0.0,0.0,0.0,0.0,0.0,0.0,0.0,0.0,0.0,0.0,0.0,0.0,0.0,0.0,0.0,0.0,0.0,0.0,0.0,0.0,0.0,0.0,0.0,0.0,0.0,0.0,0.0,0.0,0.0,0.0,0.0,0.0,0.0,0.0,0.0,0.0,0.0,0.0,0.0,0.0,0.0,0.0,0.0,0.0,0.0,0.0,0.0,0.0,0.0,0.0,0.0,-0.21547932500809155,-0.21547932500809155,-0.21547932500809155,-0.13870426368963854,-0.13870426368963854,-0.13870426368963854,0.0,0.0,0.0,-0.21143278688894707,-0.21143278688894707,-0.21143278688894707,0.28820784820740003,0.28820784820740003,0.28820784820740003,0.0,0.0,0.0,4.776138941682068
161,2022-05-11,5.542177141802657,1.3891163576455494,11.009060392334641,5.542177141802657,5.542177141802657,0.0,0.0,0.0,0.0,0.0,0.0,0.0,0.0,0.0,0.0,0.0,0.0,0.0,0.0,0.0,0.0,0.0,0.0,0.0,0.0,0.0,0.0,0.0,0.0,0.0,0.0,0.0,0.0,0.0,0.0,0.0,0.0,0.0,0.0,0.0,0.0,0.0,0.0,0.0,0.0,0.0,0.0,0.0,0.0,0.0,0.0,0.0,0.0,0.0,0.0,0.0,0.0,0.0,0.0,0.0,0.0,0.0,0.0,0.0,0.0,0.0,0.0,0.0,-0.15313384457809995,-0.15313384457809995,-0.15313384457809995,0.07103837517220572,0.07103837517220572,0.07103837517220572,0.0,0.0,0.0,-0.03884875229782794,-0.03884875229782794,-0.03884875229782794,0.26302097204813357,0.26302097204813357,0.26302097204813357,0.0,0.0,0.0,5.935884400872857
162,2022-05-12,5.539059281748926,0.6643343891584725,10.708701913268913,5.539059281748926,5.539059281748926,0.0,0.0,0.0,0.0,0.0,0.0,0.0,0.0,0.0,0.0,0.0,0.0,0.0,0.0,0.0,0.0,0.0,0.0,0.0,0.0,0.0,0.0,0.0,0.0,0.0,0.0,0.0,0.0,0.0,0.0,0.0,0.0,0.0,0.0,0.0,0.0,0.0,0.0,0.0,0.0,0.0,0.0,0.0,0.0,0.0,0.0,0.0,0.0,0.0,0.0,0.0,0.0,0.0,0.0,0.0,0.0,0.0,0.0,0.0,0.0,0.0,0.0,0.0,-0.07068092754866998,-0.07068092754866998,-0.07068092754866998,0.07581126440660454,0.07581126440660454,0.07581126440660454,0.0,0.0,0.0,-0.08723340000000858,-0.08723340000000858,-0.08723340000000858,0.23372559195528314,0.23372559195528314,0.23372559195528314,0.0,0.0,0.0,5.9589823695214506
163,2022-05-13,5.535941421695194,2.285497307075048,11.846233220377025,5.535941421695194,5.535941421695194,0.0,0.0,0.0,0.0,0.0,0.0,0.0,0.0,0.0,0.0,0.0,0.0,0.0,0.0,0.0,0.0,0.0,0.0,0.0,0.0,0.0,0.0,0.0,0.0,0.0,0.0,0.0,0.0,0.0,0.0,0.0,0.0,0.0,0.0,0.0,0.0,0.0,0.0,0.0,0.0,0.0,0.0,0.0,0.0,0.0,0.0,0.0,0.0,0.0,0.0,0.0,0.0,0.0,0.0,0.0,0.0,0.0,0.0,0.0,0.0,0.0,0.0,0.0,-0.019749612925456857,-0.019749612925456857,-0.019749612925456857,0.21914983904639285,0.21914983904639285,0.21914983904639285,0.0,0.0,0.0,0.03800761354454764,0.03800761354454764,0.03800761354454764,0.20089183842730207,0.20089183842730207,0.20089183842730207,0.0,0.0,0.0,6.749142093229954
164,2022-05-20,5.514116400802815,0.05734060791901369,10.291888352404202,5.514116400802815,5.514116400802815,0.0,0.0,0.0,0.0,0.0,0.0,0.0,0.0,0.0,0.0,0.0,0.0,0.0,0.0,0.0,0.0,0.0,0.0,0.0,0.0,0.0,0.0,0.0,0.0,0.0,0.0,0.0,0.0,0.0,0.0,0.0,0.0,0.0,0.0,0.0,0.0,0.0,0.0,0.0,0.0,0.0,0.0,0.0,0.0,0.0,0.0,0.0,0.0,0.0,0.0,0.0,0.0,0.0,0.0,0.0,0.0,0.0,0.0,0.0,0.0,0.0,0.0,0.0,-0.03469833360029485,-0.03469833360029485,-0.03469833360029485,-0.06516781879809248,-0.06516781879809248,-0.06516781879809248,0.0,0.0,0.0,0.03800761354483734,0.03800761354483734,0.03800761354483734,-0.06847709874263497,-0.06847709874263497,-0.06847709874263497,0.0,0.0,0.0,5.154773462363708
165,2022-05-23,5.504762820420367,-1.6482743530518693,8.119159234989043,5.504762820420367,5.504762820420367,0.0,0.0,0.0,0.0,0.0,0.0,0.0,0.0,0.0,0.0,0.0,0.0,0.0,0.0,0.0,0.0,0.0,0.0,0.0,0.0,0.0,0.0,0.0,0.0,0.0,0.0,0.0,0.0,0.0,0.0,0.0,0.0,0.0,0.0,0.0,0.0,0.0,0.0,0.0,0.0,0.0,0.0,0.0,0.0,0.0,0.0,0.0,0.0,0.0,0.0,0.0,0.0,0.0,0.0,0.0,0.0,0.0,0.0,0.0,0.0,0.0,0.0,0.0,-0.27816704081751914,-0.27816704081751914,-0.27816704081751914,-0.43459129494858406,-0.43459129494858406,-0.43459129494858406,0.0,0.0,0.0,0.006942281311151717,0.006942281311151717,0.006942281311151717,-0.1633665354422167,-0.1633665354422167,-0.1633665354422167,0.0,0.0,0.0,3.1124408179090595
166,2022-05-26,5.495409240037919,-0.7708589209440726,8.699061254720585,5.495409240037919,5.495409240037919,0.0,0.0,0.0,0.0,0.0,0.0,0.0,0.0,0.0,0.0,0.0,0.0,0.0,0.0,0.0,0.0,0.0,0.0,0.0,0.0,0.0,0.0,0.0,0.0,0.0,0.0,0.0,0.0,0.0,0.0,0.0,0.0,0.0,0.0,0.0,0.0,0.0,0.0,0.0,0.0,0.0,0.0,0.0,0.0,0.0,0.0,0.0,0.0,0.0,0.0,0.0,0.0,0.0,0.0,0.0,0.0,0.0,0.0,0.0,0.0,0.0,0.0,0.0,0.05245961229874252,0.05245961229874252,0.05245961229874252,-0.25507804287361313,-0.25507804287361313,-0.25507804287361313,0.0,0.0,0.0,-0.08723339999998485,-0.08723339999998485,-0.08723339999998485,-0.22030425517237082,-0.22030425517237082,-0.22030425517237082,0.0,0.0,0.0,4.093651006299477
167,2022-05-27,5.492291379910435,0.0027821178851657343,9.69573870497374,5.492291379910435,5.492291379910435,0.0,0.0,0.0,0.0,0.0,0.0,0.0,0.0,0.0,0.0,0.0,0.0,0.0,0.0,0.0,0.0,0.0,0.0,0.0,0.0,0.0,0.0,0.0,0.0,0.0,0.0,0.0,0.0,0.0,0.0,0.0,0.0,0.0,0.0,0.0,0.0,0.0,0.0,0.0,0.0,0.0,0.0,0.0,0.0,0.0,0.0,0.0,0.0,0.0,0.0,0.0,0.0,0.0,0.0,0.0,0.0,0.0,0.0,0.0,0.0,0.0,0.0,0.0,0.09409355822681639,0.09409355822681639,0.09409355822681639,-0.09682174141341882,-0.09682174141341882,-0.09682174141341882,0.0,0.0,0.0,0.03800761354483668,0.03800761354483668,0.03800761354483668,-0.22892291318507188,-0.22892291318507188,-0.22892291318507188,0.0,0.0,0.0,4.960518164157598
168,2022-05-30,5.482937799527987,0.35797987232606293,10.029713657257979,5.482937799527987,5.482937799527987,0.0,0.0,0.0,0.0,0.0,0.0,0.0,0.0,0.0,0.0,0.0,0.0,0.0,0.0,0.0,0.0,0.0,0.0,0.0,0.0,0.0,0.0,0.0,0.0,0.0,0.0,0.0,0.0,0.0,0.0,0.0,0.0,0.0,0.0,0.0,0.0,0.0,0.0,0.0,0.0,0.0,0.0,0.0,0.0,0.0,0.0,0.0,0.0,0.0,0.0,0.0,0.0,0.0,0.0,0.0,0.0,0.0,0.0,0.0,0.0,0.0,0.0,0.0,0.14922494991761637,0.14922494991761637,0.14922494991761637,-0.06530719210292027,-0.06530719210292027,-0.06530719210292027,0.0,0.0,0.0,0.006942281311392476,0.006942281311392476,0.006942281311392476,-0.22147442333192913,-0.22147442333192913,-0.22147442333192913,0.0,0.0,0.0,5.12486252736585
169,2022-05-31,5.479819939400504,-0.24794411624684135,8.809942250190591,5.479819939400504,5.479819939400504,0.0,0.0,0.0,0.0,0.0,0.0,0.0,0.0,0.0,0.0,0.0,0.0,0.0,0.0,0.0,0.0,0.0,0.0,0.0,0.0,0.0,0.0,0.0,0.0,0.0,0.0,0.0,0.0,0.0,0.0,0.0,0.0,0.0,0.0,0.0,0.0,0.0,0.0,0.0,0.0,0.0,0.0,0.0,0.0,0.0,0.0,0.0,0.0,0.0,0.0,0.0,0.0,0.0,0.0,0.0,0.0,0.0,0.0,0.0,0.0,0.0,0.0,0.0,0.1916124800358445,0.1916124800358445,0.1916124800358445,-0.22791236263067793,-0.22791236263067793,-0.22791236263067793,0.0,0.0,0.0,-0.2114327868889139,-0.2114327868889139,-0.2114327868889139,-0.20809205577760856,-0.20809205577760856,-0.20809205577760856,0.0,0.0,0.0,4.230901230221037
170,2022-06-01,5.476702079273021,0.7039813281308074,10.249203799438106,5.476702079273021,5.476702079273021,0.0,0.0,0.0,0.0,0.0,0.0,0.0,0.0,0.0,0.0,0.0,0.0,0.0,0.0,0.0,0.0,0.0,0.0,0.0,0.0,0.0,0.0,0.0,0.0,0.0,0.0,0.0,0.0,0.0,0.0,0.0,0.0,0.0,0.0,0.0,0.0,0.0,0.0,0.0,0.0,0.0,0.0,0.0,0.0,0.0,0.0,0.0,0.0,0.0,0.0,0.0,0.0,0.0,0.0,0.0,0.0,0.0,0.0,0.0,0.0,0.0,0.0,0.0,0.21797369908283604,0.21797369908283604,0.21797369908283604,-0.010506863102199088,-0.010506863102199088,-0.010506863102199088,0.0,0.0,0.0,-0.03884875229802828,-0.03884875229802828,-0.03884875229802828,-0.18963180988700687,-0.18963180988700687,-0.18963180988700687,0.0,0.0,0.0,5.419159120274571
171,2022-06-02,5.47358421914554,0.16840523440091135,10.176971278276309,5.47358421914554,5.47358421914554,0.0,0.0,0.0,0.0,0.0,0.0,0.0,0.0,0.0,0.0,0.0,0.0,0.0,0.0,0.0,0.0,0.0,0.0,0.0,0.0,0.0,0.0,0.0,0.0,0.0,0.0,0.0,0.0,0.0,0.0,0.0,0.0,0.0,0.0,0.0,0.0,0.0,0.0,0.0,0.0,0.0,0.0,0.0,0.0,0.0,0.0,0.0,0.0,0.0,0.0,0.0,0.0,0.0,0.0,0.0,0.0,0.0,0.0,0.0,0.0,0.0,0.0,0.0,0.21863308411042542,0.21863308411042542,0.21863308411042542,-0.03507056944281098,-0.03507056944281098,-0.03507056944281098,0.0,0.0,0.0,-0.08723339999994151,-0.08723339999994151,-0.08723339999994151,-0.1664702535532949,-0.1664702535532949,-0.1664702535532949,0.0,0.0,0.0,5.281622503686922
172,2022-06-03,5.470466359018057,1.1958586751169802,10.800450971100496,5.470466359018057,5.470466359018057,0.0,0.0,0.0,0.0,0.0,0.0,0.0,0.0,0.0,0.0,0.0,0.0,0.0,0.0,0.0,0.0,0.0,0.0,0.0,0.0,0.0,0.0,0.0,0.0,0.0,0.0,0.0,0.0,0.0,0.0,0.0,0.0,0.0,0.0,0.0,0.0,0.0,0.0,0.0,0.0,0.0,0.0,0.0,0.0,0.0,0.0,0.0,0.0,0.0,0.0,0.0,0.0,0.0,0.0,0.0,0.0,0.0,0.0,0.0,0.0,0.0,0.0,0.0,0.20039760788667763,0.20039760788667763,0.20039760788667763,0.09932884557679955,0.09932884557679955,0.09932884557679955,0.0,0.0,0.0,0.038007613544766033,0.038007613544766033,0.038007613544766033,-0.13907637585464408,-0.13907637585464408,-0.13907637585464408,0.0,0.0,0.0,6.0138414672260385
173,2022-06-04,5.467348499045901,1.6609329260554584,11.401027051266441,5.467348499045901,5.467348499045901,0.0,0.0,0.0,0.0,0.0,0.0,0.0,0.0,0.0,0.0,0.0,0.0,0.0,0.0,0.0,0.0,0.0,0.0,0.0,0.0,0.0,0.0,0.0,0.0,0.0,0.0,0.0,0.0,0.0,0.0,0.0,0.0,0.0,0.0,0.0,0.0,0.0,0.0,0.0,0.0,0.0,0.0,0.0,0.0,0.0,0.0,0.0,0.0,0.0,0.0,0.0,0.0,0.0,0.0,0.0,0.0,0.0,0.0,0.0,0.0,0.0,0.0,0.0,0.16917719716239077,0.16917719716239077,0.16917719716239077,0.18294885740358527,0.18294885740358527,0.18294885740358527,0.0,0.0,0.0,0.1217737459362514,0.1217737459362514,0.1217737459362514,-0.10800208569505687,-0.10800208569505687,-0.10800208569505687,0.0,0.0,0.0,6.467593659973556
174,2022-06-06,5.461112779101591,0.7764084029508305,10.090353023809769,5.461112779101591,5.461112779101591,0.0,0.0,0.0,0.0,0.0,0.0,0.0,0.0,0.0,0.0,0.0,0.0,0.0,0.0,0.0,0.0,0.0,0.0,0.0,0.0,0.0,0.0,0.0,0.0,0.0,0.0,0.0,0.0,0.0,0.0,0.0,0.0,0.0,0.0,0.0,0.0,0.0,0.0,0.0,0.0,0.0,0.0,0.0,0.0,0.0,0.0,0.0,0.0,0.0,0.0,0.0,0.0,0.0,0.0,0.0,0.0,0.0,0.0,0.0,0.0,0.0,0.0,0.0,0.03152332081671877,0.03152332081671877,0.03152332081671877,0.0010990072411443431,0.0010990072411443431,0.0010990072411443431,0.0,0.0,0.0,0.006942281310958181,0.006942281310958181,0.006942281310958181,-0.037366594886532614,-0.037366594886532614,-0.037366594886532614,0.0,0.0,0.0,5.46711458159053
175,2022-06-08,5.4548770591572815,-0.2658883588141798,9.403171192622573,5.4548770591572815,5.4548770591572815,0.0,0.0,0.0,0.0,0.0,0.0,0.0,0.0,0.0,0.0,0.0,0.0,0.0,0.0,0.0,0.0,0.0,0.0,0.0,0.0,0.0,0.0,0.0,0.0,0.0,0.0,0.0,0.0,0.0,0.0,0.0,0.0,0.0,0.0,0.0,0.0,0.0,0.0,0.0,0.0,0.0,0.0,0.0,0.0,0.0,0.0,0.0,0.0,0.0,0.0,0.0,0.0,0.0,0.0,0.0,0.0,0.0,0.0,0.0,0.0,0.0,0.0,0.0,-0.18011536852715415,-0.18011536852715415,-0.18011536852715415,-0.17914822226818974,-0.17914822226818974,-0.17914822226818974,0.0,0.0,0.0,-0.03884875229790674,-0.03884875229790674,-0.03884875229790674,0.03981589855687114,0.03981589855687114,0.03981589855687114,0.0,0.0,0.0,4.477645531317724
176,2022-06-11,5.445523479240817,1.2391572952448875,11.120726753299982,5.445523479240817,5.445523479240817,0.0,0.0,0.0,0.0,0.0,0.0,0.0,0.0,0.0,0.0,0.0,0.0,0.0,0.0,0.0,0.0,0.0,0.0,0.0,0.0,0.0,0.0,0.0,0.0,0.0,0.0,0.0,0.0,0.0,0.0,0.0,0.0,0.0,0.0,0.0,0.0,0.0,0.0,0.0,0.0,0.0,0.0,0.0,0.0,0.0,0.0,0.0,0.0,0.0,0.0,0.0,0.0,0.0,0.0,0.0,0.0,0.0,0.0,0.0,0.0,0.0,0.0,0.0,-0.110730389999958,-0.110730389999958,-0.110730389999958,0.16550310328377768,0.16550310328377768,0.16550310328377768,0.0,0.0,0.0,0.12177374593606269,0.12177374593606269,0.12177374593606269,0.15445974734767295,0.15445974734767295,0.15445974734767295,0.0,0.0,0.0,6.346774514059847
177,2022-06-12,5.442405619268662,2.335923832373139,11.908957149271009,5.442405619268662,5.442405619268662,0.0,0.0,0.0,0.0,0.0,0.0,0.0,0.0,0.0,0.0,0.0,0.0,0.0,0.0,0.0,0.0,0.0,0.0,0.0,0.0,0.0,0.0,0.0,0.0,0.0,0.0,0.0,0.0,0.0,0.0,0.0,0.0,0.0,0.0,0.0,0.0,0.0,0.0,0.0,0.0,0.0,0.0,0.0,0.0,0.0,0.0,0.0,0.0,0.0,0.0,0.0,0.0,0.0,0.0,0.0,0.0,0.0,0.0,0.0,0.0,0.0,0.0,0.0,-0.03917190770802291,-0.03917190770802291,-0.03917190770802291,0.3209407446365086,0.3209407446365086,0.3209407446365086,0.0,0.0,0.0,0.17079129839530527,0.17079129839530527,0.17079129839530527,0.18932135394922625,0.18932135394922625,0.18932135394922625,0.0,0.0,0.0,7.189095331330666
178,2022-06-13,5.439287759296507,1.8763091216493963,11.418696856267132,5.439287759296507,5.439287759296507,0.0,0.0,0.0,0.0,0.0,0.0,0.0,0.0,0.0,0.0,0.0,0.0,0.0,0.0,0.0,0.0,0.0,0.0,0.0,0.0,0.0,0.0,0.0,0.0,0.0,0.0,0.0,0.0,0.0,0.0,0.0,0.0,0.0,0.0,0.0,0.0,0.0,0.0,0.0,0.0,0.0,0.0,0.0,0.0,0.0,0.0,0.0,0.0,0.0,0.0,0.0,0.0,0.0,0.0,0.0,0.0,0.0,0.0,0.0,0.0,0.0,0.0,0.0,-0.012596115776665258,-0.012596115776665258,-0.012596115776665258,0.21566315123435525,0.21566315123435525,0.21566315123435525,0.0,0.0,0.0,0.006942281310861408,0.006942281310861408,0.006942281310861408,0.22131698570015912,0.22131698570015912,0.22131698570015912,0.0,0.0,0.0,6.612341697936846
179,2022-06-14,5.436169899324352,0.5549152127396538,10.557073321676432,5.436169899324352,5.436169899324352,0.0,0.0,0.0,0.0,0.0,0.0,0.0,0.0,0.0,0.0,0.0,0.0,0.0,0.0,0.0,0.0,0.0,0.0,0.0,0.0,0.0,0.0,0.0,0.0,0.0,0.0,0.0,0.0,0.0,0.0,0.0,0.0,0.0,0.0,0.0,0.0,0.0,0.0,0.0,0.0,0.0,0.0,0.0,0.0,0.0,0.0,0.0,0.0,0.0,0.0,0.0,0.0,0.0,0.0,0.0,0.0,0.0,0.0,0.0,0.0,0.0,0.0,0.0,-0.020451809830891073,-0.020451809830891073,-0.020451809830891073,0.017923792499300567,0.017923792499300567,0.017923792499300567,0.0,0.0,0.0,-0.211432786888762,-0.211432786888762,-0.211432786888762,0.24980838921895362,0.24980838921895362,0.24980838921895362,0.0,0.0,0.0,5.533606680590785
180,2022-06-15,5.433052039352198,1.8574831862982002,11.545546225774034,5.433052039352198,5.433052039352198,0.0,0.0,0.0,0.0,0.0,0.0,0.0,0.0,0.0,0.0,0.0,0.0,0.0,0.0,0.0,0.0,0.0,0.0,0.0,0.0,0.0,0.0,0.0,0.0,0.0,0.0,0.0,0.0,0.0,0.0,0.0,0.0,0.0,0.0,0.0,0.0,0.0,0.0,0.0,0.0,0.0,0.0,0.0,0.0,0.0,0.0,0.0,0.0,0.0,0.0,0.0,0.0,0.0,0.0,0.0,0.0,0.0,0.0,0.0,0.0,0.0,0.0,0.0,-0.01956913537680921,-0.01956913537680921,-0.01956913537680921,0.21580702865442472,0.21580702865442472,0.21580702865442472,0.0,0.0,0.0,-0.038848752297860834,-0.038848752297860834,-0.038848752297860834,0.2742249163290947,0.2742249163290947,0.2742249163290947,0.0,0.0,0.0,6.6055428564896586
181,2022-06-17,5.4268163194078864,3.2314280746742616,12.694349583398429,5.4268163194078864,5.4268163194078864,0.0,0.0,0.0,0.0,0.0,0.0,0.0,0.0,0.0,0.0,0.0,0.0,0.0,0.0,0.0,0.0,0.0,0.0,0.0,0.0,0.0,0.0,0.0,0.0,0.0,0.0,0.0,0.0,0.0,0.0,0.0,0.0,0.0,0.0,0.0,0.0,0.0,0.0,0.0,0.0,0.0,0.0,0.0,0.0,0.0,0.0,0.0,0.0,0.0,0.0,0.0,0.0,0.0,0.0,0.0,0.0,0.0,0.0,0.0,0.0,0.0,0.0,0.0,0.07628488538234914,0.07628488538234914,0.07628488538234914,0.42324336396375273,0.42324336396375273,0.42324336396375273,0.0,0.0,0.0,0.038007613544764667,0.038007613544764667,0.038007613544764667,0.30895086503663893,0.30895086503663893,0.30895086503663893,0.0,0.0,0.0,7.7236803140474715
182,2022-06-23,5.408109158998102,0.23990228045105635,9.468032799859264,5.408109158998102,5.408109158998102,0.0,0.0,0.0,0.0,0.0,0.0,0.0,0.0,0.0,0.0,0.0,0.0,0.0,0.0,0.0,0.0,0.0,0.0,0.0,0.0,0.0,0.0,0.0,0.0,0.0,0.0,0.0,0.0,0.0,0.0,0.0,0.0,0.0,0.0,0.0,0.0,0.0,0.0,0.0,0.0,0.0,0.0,0.0,0.0,0.0,0.0,0.0,0.0,0.0,0.0,0.0,0.0,0.0,0.0,0.0,0.0,0.0,0.0,0.0,0.0,0.0,0.0,0.0,-0.23766356971804878,-0.23766356971804878,-0.23766356971804878,-0.041365460186127426,-0.041365460186127426,-0.041365460186127426,0.0,0.0,0.0,-0.08723339999995167,-0.08723339999995167,-0.08723339999995167,0.283531509531873,0.283531509531873,0.283531509531873,0.0,0.0,0.0,5.184400234899336
183,2022-06-24,5.404991298929804,1.6177834001023286,11.395021100850856,5.404991298929804,5.404991298929804,0.0,0.0,0.0,0.0,0.0,0.0,0.0,0.0,0.0,0.0,0.0,0.0,0.0,0.0,0.0,0.0,0.0,0.0,0.0,0.0,0.0,0.0,0.0,0.0,0.0,0.0,0.0,0.0,0.0,0.0,0.0,0.0,0.0,0.0,0.0,0.0,0.0,0.0,0.0,0.0,0.0,0.0,0.0,0.0,0.0,0.0,0.0,0.0,0.0,0.0,0.0,0.0,0.0,0.0,0.0,0.0,0.0,0.0,0.0,0.0,0.0,0.0,0.0,-0.11250446745822915,-0.11250446745822915,-0.11250446745822915,0.18613751064742606,0.18613751064742606,0.18613751064742606,0.0,0.0,0.0,0.03800761354476401,0.03800761354476401,0.03800761354476401,0.26063436456089123,0.26063436456089123,0.26063436456089123,0.0,0.0,0.0,6.411062924383597
184,2022-06-25,5.401873438861506,2.546935958436539,12.04067461635118,5.401873438861506,5.401873438861506,0.0,0.0,0.0,0.0,0.0,0.0,0.0,0.0,0.0,0.0,0.0,0.0,0.0,0.0,0.0,0.0,0.0,0.0,0.0,0.0,0.0,0.0,0.0,0.0,0.0,0.0,0.0,0.0,0.0,0.0,0.0,0.0,0.0,0.0,0.0,0.0,0.0,0.0,0.0,0.0,0.0,0.0,0.0,0.0,0.0,0.0,0.0,0.0,0.0,0.0,0.0,0.0,0.0,0.0,0.0,0.0,0.0,0.0,0.0,0.0,0.0,0.0,0.0,0.009806218306071776,0.009806218306071776,0.009806218306071776,0.3647151898176412,0.3647151898176412,0.3647151898176412,0.0,0.0,0.0,0.12177374593547818,0.12177374593547818,0.12177374593547818,0.2331352255760914,0.2331352255760914,0.2331352255760914,0.0,0.0,0.0,7.372018735486756
185,2022-06-27,5.3956377187249105,1.9187557099497012,11.97166795301245,5.3956377187249105,5.3956377187249105,0.0,0.0,0.0,0.0,0.0,0.0,0.0,0.0,0.0,0.0,0.0,0.0,0.0,0.0,0.0,0.0,0.0,0.0,0.0,0.0,0.0,0.0,0.0,0.0,0.0,0.0,0.0,0.0,0.0,0.0,0.0,0.0,0.0,0.0,0.0,0.0,0.0,0.0,0.0,0.0,0.0,0.0,0.0,0.0,0.0,0.0,0.0,0.0,0.0,0.0,0.0,0.0,0.0,0.0,0.0,0.0,0.0,0.0,0.0,0.0,0.0,0.0,0.0,0.09961754826386102,0.09961754826386102,0.09961754826386102,0.27287115413642615,0.27287115413642615,0.27287115413642615,0.0,0.0,0.0,0.006942281310667878,0.006942281310667878,0.006942281310667878,0.16631132456189723,0.16631132456189723,0.16631132456189723,0.0,0.0,0.0,6.86795161033541
186,2022-06-29,5.3894019985883155,1.6397379451719507,11.425417681392858,5.3894019985883155,5.3894019985883155,0.0,0.0,0.0,0.0,0.0,0.0,0.0,0.0,0.0,0.0,0.0,0.0,0.0,0.0,0.0,0.0,0.0,0.0,0.0,0.0,0.0,0.0,0.0,0.0,0.0,0.0,0.0,0.0,0.0,0.0,0.0,0.0,0.0,0.0,0.0,0.0,0.0,0.0,0.0,0.0,0.0,0.0,0.0,0.0,0.0,0.0,0.0,0.0,0.0,0.0,0.0,0.0,0.0,0.0,0.0,0.0,0.0,0.0,0.0,0.0,0.0,0.0,0.0,0.12951124827441374,0.12951124827441374,0.12951124827441374,0.1783590587781021,0.1783590587781021,0.1783590587781021,0.0,0.0,0.0,-0.03884875229810707,-0.03884875229810707,-0.03884875229810707,0.08769656280179544,0.08769656280179544,0.08769656280179544,0.0,0.0,0.0,6.35065066643335
187,2022-07-01,5.383166278451721,1.6355086075710927,11.6133211226973,5.383166278451721,5.383166278451721,0.0,0.0,0.0,0.0,0.0,0.0,0.0,0.0,0.0,0.0,0.0,0.0,0.0,0.0,0.0,0.0,0.0,0.0,0.0,0.0,0.0,0.0,0.0,0.0,0.0,0.0,0.0,0.0,0.0,0.0,0.0,0.0,0.0,0.0,0.0,0.0,0.0,0.0,0.0,0.0,0.0,0.0,0.0,0.0,0.0,0.0,0.0,0.0,0.0,0.0,0.0,0.0,0.0,0.0,0.0,0.0,0.0,0.0,0.0,0.0,0.0,0.0,0.0,0.2078955073391051,0.2078955073391051,0.2078955073391051,0.24865094512076133,0.24865094512076133,0.24865094512076133,0.0,0.0,0.0,0.03800761354476334,0.03800761354476334,0.03800761354476334,0.0027478242368928797,0.0027478242368928797,0.0027478242368928797,0.0,0.0,0.0,6.721695661330953
188,2022-07-06,5.367576978110233,-0.31941209290401656,9.560695237791874,5.367576978110233,5.367576978110233,0.0,0.0,0.0,0.0,0.0,0.0,0.0,0.0,0.0,0.0,0.0,0.0,0.0,0.0,0.0,0.0,0.0,0.0,0.0,0.0,0.0,0.0,0.0,0.0,0.0,0.0,0.0,0.0,0.0,0.0,0.0,0.0,0.0,0.0,0.0,0.0,0.0,0.0,0.0,0.0,0.0,0.0,0.0,0.0,0.0,0.0,0.0,0.0,0.0,0.0,0.0,0.0,0.0,0.0,0.0,0.0,0.0,0.0,0.0,0.0,0.0,0.0,0.0,0.07865461494224693,0.07865461494224693,0.07865461494224693,-0.15917624283130877,-0.15917624283130877,-0.15917624283130877,0.0,0.0,0.0,-0.038848752298061145,-0.038848752298061145,-0.038848752298061145,-0.19898210547549455,-0.19898210547549455,-0.19898210547549455,0.0,0.0,0.0,4.5131862416268165
189,2022-07-11,5.351987677768745,-1.9623628397962272,7.873601796523274,5.351987677768745,5.351987677768745,0.0,0.0,0.0,0.0,0.0,0.0,0.0,0.0,0.0,0.0,0.0,0.0,0.0,0.0,0.0,0.0,0.0,0.0,0.0,0.0,0.0,0.0,0.0,0.0,0.0,0.0,0.0,0.0,0.0,0.0,0.0,0.0,0.0,0.0,0.0,0.0,0.0,0.0,0.0,0.0,0.0,0.0,0.0,0.0,0.0,0.0,0.0,0.0,0.0,0.0,0.0,0.0,0.0,0.0,0.0,0.0,0.0,0.0,0.0,0.0,0.0,0.0,0.0,-0.1531338445781385,-0.1531338445781385,-0.1531338445781385,-0.4670434807411244,-0.4670434807411244,-0.4670434807411244,0.0,0.0,0.0,0.00694228131109291,0.00694228131109291,0.00694228131109291,-0.3208519174740789,-0.3208519174740789,-0.3208519174740789,0.0,0.0,0.0,2.8523767238600235
190,2022-07-12,5.348869817700448,-2.541059081071055,6.832308940720353,5.348869817700448,5.348869817700448,0.0,0.0,0.0,0.0,0.0,0.0,0.0,0.0,0.0,0.0,0.0,0.0,0.0,0.0,0.0,0.0,0.0,0.0,0.0,0.0,0.0,0.0,0.0,0.0,0.0,0.0,0.0,0.0,0.0,0.0,0.0,0.0,0.0,0.0,0.0,0.0,0.0,0.0,0.0,0.0,0.0,0.0,0.0,0.0,0.0,0.0,0.0,0.0,0.0,0.0,0.0,0.0,0.0,0.0,0.0,0.0,0.0,0.0,0.0,0.0,0.0,0.0,0.0,-0.07068092754869093,-0.07068092754869093,-0.07068092754869093,-0.6127032161020349,-0.6127032161020349,-0.6127032161020349,0.0,0.0,0.0,-0.2114327868889955,-0.2114327868889955,-0.2114327868889955,-0.3305895016643484,-0.3305895016643484,-0.3305895016643484,0.0,0.0,0.0,2.0716000778842782
191,2022-07-15,5.339516238013623,-1.2353957431224953,8.573054117141563,5.339516238013623,5.339516238013623,0.0,0.0,0.0,0.0,0.0,0.0,0.0,0.0,0.0,0.0,0.0,0.0,0.0,0.0,0.0,0.0,0.0,0.0,0.0,0.0,0.0,0.0,0.0,0.0,0.0,0.0,0.0,0.0,0.0,0.0,0.0,0.0,0.0,0.0,0.0,0.0,0.0,0.0,0.0,0.0,0.0,0.0,0.0,0.0,0.0,0.0,0.0,0.0,0.0,0.0,0.0,0.0,0.0,0.0,0.0,0.0,0.0,0.0,0.0,0.0,0.0,0.0,0.0,-0.023842019196727317,-0.023842019196727317,-0.023842019196727317,-0.31325762492944553,-0.31325762492944553,-0.31325762492944553,0.0,0.0,0.0,0.03800761354505236,0.03800761354505236,0.03800761354505236,-0.3274232192777706,-0.3274232192777706,-0.3274232192777706,0.0,0.0,0.0,3.6668720630212674
192,2022-07-18,5.330162658326798,-0.5642725574070527,9.196903895977814,5.330162658326798,5.330162658326798,0.0,0.0,0.0,0.0,0.0,0.0,0.0,0.0,0.0,0.0,0.0,0.0,0.0,0.0,0.0,0.0,0.0,0.0,0.0,0.0,0.0,0.0,0.0,0.0,0.0,0.0,0.0,0.0,0.0,0.0,0.0,0.0,0.0,0.0,0.0,0.0,0.0,0.0,0.0,0.0,0.0,0.0,0.0,0.0,0.0,0.0,0.0,0.0,0.0,0.0,0.0,0.0,0.0,0.0,0.0,0.0,0.0,0.0,0.0,0.0,0.0,0.0,0.0,0.0938200591624844,0.0938200591624844,0.0938200591624844,-0.17702696191457712,-0.17702696191457712,-0.17702696191457712,0.0,0.0,0.0,0.006942281310658618,0.006942281310658618,0.006942281310658618,-0.27778930238772015,-0.27778930238772015,-0.27778930238772015,0.0,0.0,0.0,4.386580156412679
193,2022-07-29,5.295866199475105,1.7239233972536339,11.701347584782459,5.295866199475105,5.295866199475105,0.0,0.0,0.0,0.0,0.0,0.0,0.0,0.0,0.0,0.0,0.0,0.0,0.0,0.0,0.0,0.0,0.0,0.0,0.0,0.0,0.0,0.0,0.0,0.0,0.0,0.0,0.0,0.0,0.0,0.0,0.0,0.0,0.0,0.0,0.0,0.0,0.0,0.0,0.0,0.0,0.0,0.0,0.0,0.0,0.0,0.0,0.0,0.0,0.0,0.0,0.0,0.0,0.0,0.0,0.0,0.0,0.0,0.0,0.0,0.0,0.0,0.0,0.0,0.114644639942809,0.114644639942809,0.114644639942809,0.2751397025661822,0.2751397025661822,0.2751397025661822,0.0,0.0,0.0,0.038007613544981056,0.038007613544981056,0.038007613544981056,0.12248744907839212,0.12248744907839212,0.12248744907839212,0.0,0.0,0.0,6.752969250428983
194,2022-08-01,5.2865126197882795,3.084953164375081,12.85227833578348,5.2865126197882795,5.2865126197882795,0.0,0.0,0.0,0.0,0.0,0.0,0.0,0.0,0.0,0.0,0.0,0.0,0.0,0.0,0.0,0.0,0.0,0.0,0.0,0.0,0.0,0.0,0.0,0.0,0.0,0.0,0.0,0.0,0.0,0.0,0.0,0.0,0.0,0.0,0.0,0.0,0.0,0.0,0.0,0.0,0.0,0.0,0.0,0.0,0.0,0.0,0.0,0.0,0.0,0.0,0.0,0.0,0.0,0.0,0.0,0.0,0.0,0.0,0.0,0.0,0.0216225,0.0216225,0.0216225,0.21797369908282926,0.21797369908282926,0.21797369908282926,0.4710908853319611,0.4710908853319611,0.4710908853319611,0.0216225,0.0216225,0.0216225,0.006942281310465089,0.006942281310465089,0.006942281310465089,0.22455240493866666,0.22455240493866666,0.22455240493866666,0.0,0.0,0.0,7.776940530162925
195,2022-08-03,5.280276899997062,2.9516918454973564,12.994791589028347,5.280276899997062,5.280276899997062,0.0,0.0,0.0,0.0,0.0,0.0,0.0,0.0,0.0,0.0,0.0,0.0,0.0,0.0,0.0,0.0,0.0,0.0,0.0,0.0,0.0,0.0,0.0,0.0,0.0,0.0,0.0,0.0,0.0,0.0,0.0,0.0,0.0,0.0,0.0,0.0,0.0,0.0,0.0,0.0,0.0,0.0,0.0,0.0,0.0,0.0,0.0,0.0,0.0,0.0,0.0,0.0,0.0,0.0,0.0,0.0,0.0,0.0,0.0,0.0,0.0216225,0.0216225,0.0216225,0.200397607886523,0.200397607886523,0.200397607886523,0.4611995928769347,0.4611995928769347,0.4611995928769347,0.0216225,0.0216225,0.0216225,-0.038848752298177774,-0.038848752298177774,-0.038848752298177774,0.27802823728858944,0.27802823728858944,0.27802823728858944,0.0,0.0,0.0,7.715538456553191
196,2022-08-05,5.274041180205846,2.846970366271404,12.689710101201282,5.274041180205846,5.274041180205846,0.0,0.0,0.0,0.0,0.0,0.0,0.0,0.0,0.0,0.0,0.0,0.0,0.0,0.0,0.0,0.0,0.0,0.0,0.0,0.0,0.0,0.0,0.0,0.0,0.0,0.0,0.0,0.0,0.0,0.0,0.0,0.0,0.0,0.0,0.0,0.0,0.0,0.0,0.0,0.0,0.0,0.0,0.0,0.0,0.0,0.0,0.0,0.0,0.0,0.0,0.0,0.0,0.0,0.0,0.0,0.0,0.0,0.0,0.0,0.0,0.0216225,0.0216225,0.0216225,0.11696411932669583,0.11696411932669583,0.11696411932669583,0.494149817844162,0.494149817844162,0.494149817844162,0.0216225,0.0216225,0.0216225,0.038007613544399625,0.038007613544399625,0.038007613544399625,0.3175555849730666,0.3175555849730666,0.3175555849730666,0.0,0.0,0.0,7.880207668707174
197,2022-08-06,5.270923320310237,2.6259196582364273,12.507521832952534,5.270923320310237,5.270923320310237,0.0,0.0,0.0,0.0,0.0,0.0,0.0,0.0,0.0,0.0,0.0,0.0,0.0,0.0,0.0,0.0,0.0,0.0,0.0,0.0,0.0,0.0,0.0,0.0,0.0,0.0,0.0,0.0,0.0,0.0,0.0,0.0,0.0,0.0,0.0,0.0,0.0,0.0,0.0,0.0,0.0,0.0,0.0,0.0,0.0,0.0,0.0,0.0,0.0,0.0,0.0,0.0,0.0,0.0,0.0,0.0,0.0,0.0,0.0,0.0,0.0216225,0.0216225,0.0216225,0.031523320816782135,0.031523320816782135,0.031523320816782135,0.5067476482402283,0.5067476482402283,0.5067476482402283,0.0216225,0.0216225,0.0216225,0.12177374593605417,0.12177374593605417,0.12177374593605417,0.331828081487392,0.331828081487392,0.331828081487392,0.0,0.0,0.0,7.941951316932026
198,2022-08-07,5.267805460414628,2.8944342925668707,12.563527528395978,5.267805460414628,5.267805460414628,0.0,0.0,0.0,0.0,0.0,0.0,0.0,0.0,0.0,0.0,0.0,0.0,0.0,0.0,0.0,0.0,0.0,0.0,0.0,0.0,0.0,0.0,0.0,0.0,0.0,0.0,0.0,0.0,0.0,0.0,0.0,0.0,0.0,0.0,0.0,0.0,0.0,0.0,0.0,0.0,0.0,0.0,0.0,0.0,0.0,0.0,0.0,0.0,0.0,0.0,0.0,0.0,0.0,0.0,0.0,0.0,0.0,0.0,0.0,0.0,0.0216225,0.0216225,0.0216225,-0.07984204877363596,-0.07984204877363596,-0.07984204877363596,0.45501454352860576,0.45501454352860576,0.45501454352860576,0.0216225,0.0216225,0.0216225,0.1707912983956016,0.1707912983956016,0.1707912983956016,0.34244279390664023,0.34244279390664023,0.34244279390664023,0.0,0.0,0.0,7.664733557382687
199,2022-08-09,5.261569740623411,0.16993180667022267,9.987365447991417,5.261569740623411,5.261569740623411,0.0,0.0,0.0,0.0,0.0,0.0,0.0,0.0,0.0,0.0,0.0,0.0,0.0,0.0,0.0,0.0,0.0,0.0,0.0,0.0,0.0,0.0,0.0,0.0,0.0,0.0,0.0,0.0,0.0,0.0,0.0,0.0,0.0,0.0,0.0,0.0,0.0,0.0,0.0,0.0,0.0,0.0,0.0,0.0,0.0,0.0,0.0,0.0,0.0,0.0,0.0,0.0,0.0,0.0,0.0,0.0,0.0,0.0,0.0,0.0,0.0216225,0.0216225,0.0216225,-0.2230861425387964,-0.2230861425387964,-0.2230861425387964,-0.05978767644293584,-0.05978767644293584,-0.05978767644293584,0.0216225,0.0216225,0.0216225,-0.21143278688896033,-0.21143278688896033,-0.21143278688896033,0.3531087529848209,0.3531087529848209,0.3531087529848209,0.0,0.0,0.0,4.946992711389077
200,2022-08-10,5.25845188062614,1.1697614721787466,10.854718790092925,5.25845188062614,5.25845188062614,0.0,0.0,0.0,0.0,0.0,0.0,0.0,0.0,0.0,0.0,0.0,0.0,0.0,0.0,0.0,0.0,0.0,0.0,0.0,0.0,0.0,0.0,0.0,0.0,0.0,0.0,0.0,0.0,0.0,0.0,0.0,0.0,0.0,0.0,0.0,0.0,0.0,0.0,0.0,0.0,0.0,0.0,0.0,0.0,0.0,0.0,0.0,0.0,0.0,0.0,0.0,0.0,0.0,0.0,0.0,0.0,0.0,0.0,0.0,0.0,0.0216225,0.0216225,0.0216225,-0.19042063851062202,-0.19042063851062202,-0.19042063851062202,0.14586898802111395,0.14586898802111395,0.14586898802111395,0.0216225,0.0216225,0.0216225,-0.038848752298094036,-0.038848752298094036,-0.038848752298094036,0.35351587882983,0.35351587882983,0.35351587882983,0.0,0.0,0.0,6.025496935010798
201,2022-08-11,5.2553340206288714,1.3453397680469779,11.44982346349841,5.2553340206288714,5.2553340206288714,0.0,0.0,0.0,0.0,0.0,0.0,0.0,0.0,0.0,0.0,0.0,0.0,0.0,0.0,0.0,0.0,0.0,0.0,0.0,0.0,0.0,0.0,0.0,0.0,0.0,0.0,0.0,0.0,0.0,0.0,0.0,0.0,0.0,0.0,0.0,0.0,0.0,0.0,0.0,0.0,0.0,0.0,0.0,0.0,0.0,0.0,0.0,0.0,0.0,0.0,0.0,0.0,0.0,0.0,0.0,0.0,0.0,0.0,0.0,0.0,0.0216225,0.0216225,0.0216225,-0.11073039000000572,-0.11073039000000572,-0.11073039000000572,0.17462337195807748,0.17462337195807748,0.17462337195807748,0.0216225,0.0216225,0.0216225,-0.0872333999999916,-0.0872333999999916,-0.0872333999999916,0.3509646619580748,0.3509646619580748,0.3509646619580748,0.0,0.0,0.0,6.173038168077086
202,2022-08-12,5.252216160631602,2.0273777658333354,12.04340301133672,5.252216160631602,5.252216160631602,0.0,0.0,0.0,0.0,0.0,0.0,0.0,0.0,0.0,0.0,0.0,0.0,0.0,0.0,0.0,0.0,0.0,0.0,0.0,0.0,0.0,0.0,0.0,0.0,0.0,0.0,0.0,0.0,0.0,0.0,0.0,0.0,0.0,0.0,0.0,0.0,0.0,0.0,0.0,0.0,0.0,0.0,0.0,0.0,0.0,0.0,0.0,0.0,0.0,0.0,0.0,0.0,0.0,0.0,0.0,0.0,0.0,0.0,0.0,0.0,0.0216225,0.0216225,0.0216225,-0.03917190770809101,-0.03917190770809101,-0.03917190770809101,0.3662127635222229,0.3662127635222229,0.3662127635222229,0.0216225,0.0216225,0.0216225,0.03800761354432899,0.03800761354432899,0.03800761354432899,0.3457545576859849,0.3457545576859849,0.3457545576859849,0.0,0.0,0.0,7.17564475543258
203,2022-08-13,5.249098300634332,2.918755790914459,12.630783959571799,5.249098300634332,5.249098300634332,0.0,0.0,0.0,0.0,0.0,0.0,0.0,0.0,0.0,0.0,0.0,0.0,0.0,0.0,0.0,0.0,0.0,0.0,0.0,0.0,0.0,0.0,0.0,0.0,0.0,0.0,0.0,0.0,0.0,0.0,0.0,0.0,0.0,0.0,0.0,0.0,0.0,0.0,0.0,0.0,0.0,0.0,0.0,0.0,0.0,0.0,0.0,0.0,0.0,0.0,0.0,0.0,0.0,0.0,0.0,0.0,0.0,0.0,0.0,0.0,0.0216225,0.0216225,0.0216225,-0.012596115776547706,-0.012596115776547706,-0.012596115776547706,0.4690195393862907,0.4690195393862907,0.4690195393862907,0.0216225,0.0216225,0.0216225,0.12177374593624854,0.12177374593624854,0.12177374593624854,0.33821940922658983,0.33821940922658983,0.33821940922658983,0.0,0.0,0.0,7.711027967791207
204,2022-08-16,5.239744720642523,0.8062813854428466,10.569535572236973,5.239744720642523,5.239744720642523,0.0,0.0,0.0,0.0,0.0,0.0,0.0,0.0,0.0,0.0,0.0,0.0,0.0,0.0,0.0,0.0,0.0,0.0,0.0,0.0,0.0,0.0,0.0,0.0,0.0,0.0,0.0,0.0,0.0,0.0,0.0,0.0,0.0,0.0,0.0,0.0,0.0,0.0,0.0,0.0,0.0,0.0,0.0,0.0,0.0,0.0,0.0,0.0,0.0,0.0,0.0,0.0,0.0,0.0,0.0,0.0,0.0,0.0,0.0,0.0,0.0216225,0.0216225,0.0216225,0.019275510844965815,0.019275510844965815,0.019275510844965815,0.13479534049000957,0.13479534049000957,0.13479534049000957,0.0216225,0.0216225,0.0216225,-0.21143278688922704,-0.21143278688922704,-0.21143278688922704,0.3053301165342708,0.3053301165342708,0.3053301165342708,0.0,0.0,0.0,5.946037894342262
205,2022-08-17,5.236626860645252,2.482429826783339,11.68244878514782,5.236626860645252,5.236626860645252,0.0,0.0,0.0,0.0,0.0,0.0,0.0,0.0,0.0,0.0,0.0,0.0,0.0,0.0,0.0,0.0,0.0,0.0,0.0,0.0,0.0,0.0,0.0,0.0,0.0,0.0,0.0,0.0,0.0,0.0,0.0,0.0,0.0,0.0,0.0,0.0,0.0,0.0,0.0,0.0,0.0,0.0,0.0,0.0,0.0,0.0,0.0,0.0,0.0,0.0,0.0,0.0,0.0,0.0,0.0,0.0,0.0,0.0,0.0,0.0,0.0216225,0.0216225,0.0216225,0.07628488538236582,0.07628488538236582,0.07628488538236582,0.35126468902302466,0.35126468902302466,0.35126468902302466,0.0216225,0.0216225,0.0216225,-0.038848752298010325,-0.038848752298010325,-0.038848752298010325,0.29220605593866905,0.29220605593866905,0.29220605593866905,0.0,0.0,0.0,7.076068966379425
206,2022-08-19,5.2303911406507115,1.9262467590603916,11.848686276706937,5.2303911406507115,5.2303911406507115,0.0,0.0,0.0,0.0,0.0,0.0,0.0,0.0,0.0,0.0,0.0,0.0,0.0,0.0,0.0,0.0,0.0,0.0,0.0,0.0,0.0,0.0,0.0,0.0,0.0,0.0,0.0,0.0,0.0,0.0,0.0,0.0,0.0,0.0,0.0,0.0,0.0,0.0,0.0,0.0,0.0,0.0,0.0,0.0,0.0,0.0,0.0,0.0,0.0,0.0,0.0,0.0,0.0,0.0,0.0,0.0,0.0,0.0,0.0,0.0,0.0216225,0.0216225,0.0216225,0.027915045162380768,0.027915045162380768,0.027915045162380768,0.3524841450689002,0.3524841450689002,0.3524841450689002,0.0216225,0.0216225,0.0216225,0.038007613544328314,0.038007613544328314,0.038007613544328314,0.26493898636219115,0.26493898636219115,0.26493898636219115,0.0,0.0,0.0,7.074021090238928
207,2022-08-20,5.227273280653443,1.9521916422869985,11.30129271036429,5.227273280653443,5.227273280653443,0.0,0.0,0.0,0.0,0.0,0.0,0.0,0.0,0.0,0.0,0.0,0.0,0.0,0.0,0.0,0.0,0.0,0.0,0.0,0.0,0.0,0.0,0.0,0.0,0.0,0.0,0.0,0.0,0.0,0.0,0.0,0.0,0.0,0.0,0.0,0.0,0.0,0.0,0.0,0.0,0.0,0.0,0.0,0.0,0.0,0.0,0.0,0.0,0.0,0.0,0.0,0.0,0.0,0.0,0.0,0.0,0.0,0.0,0.0,0.0,0.0216225,0.0216225,0.0216225,-0.10756872933686233,-0.10756872933686233,-0.10756872933686233,0.28729748463169247,0.28729748463169247,0.28729748463169247,0.0216225,0.0216225,0.0216225,0.12177374593605983,0.12177374593605983,0.12177374593605983,0.251469968032495,0.251469968032495,0.251469968032495,0.0,0.0,0.0,6.729055745667632
208,2022-08-22,5.221037560658903,0.1211174354150576,10.07842032340436,5.221037560658903,5.221037560658903,0.0,0.0,0.0,0.0,0.0,0.0,0.0,0.0,0.0,0.0,0.0,0.0,0.0,0.0,0.0,0.0,0.0,0.0,0.0,0.0,0.0,0.0,0.0,0.0,0.0,0.0,0.0,0.0,0.0,0.0,0.0,0.0,0.0,0.0,0.0,0.0,0.0,0.0,0.0,0.0,0.0,0.0,0.0,0.0,0.0,0.0,0.0,0.0,0.0,0.0,0.0,0.0,0.0,0.0,0.0,0.0,0.0,0.0,0.0,0.0,0.0216225,0.0216225,0.0216225,-0.2936599032482983,-0.2936599032482983,-0.2936599032482983,-0.03879153409786727,-0.03879153409786727,-0.03879153409786727,0.0216225,0.0216225,0.0216225,0.006942281310793365,0.006942281310793365,0.006942281310793365,0.22630358783963772,0.22630358783963772,0.22630358783963772,0.0,0.0,0.0,5.018505504098358
209,2022-08-23,5.2179197005945355,-0.6816210006510957,9.317971988275609,5.2179197005945355,5.2179197005945355,0.0,0.0,0.0,0.0,0.0,0.0,0.0,0.0,0.0,0.0,0.0,0.0,0.0,0.0,0.0,0.0,0.0,0.0,0.0,0.0,0.0,0.0,0.0,0.0,0.0,0.0,0.0,0.0,0.0,0.0,0.0,0.0,0.0,0.0,0.0,0.0,0.0,0.0,0.0,0.0,0.0,0.0,0.0,0.0,0.0,0.0,0.0,0.0,0.0,0.0,0.0,0.0,0.0,0.0,0.0,0.0,0.0,0.0,0.0,0.0,0.0216225,0.0216225,0.0216225,-0.23766356971806693,-0.23766356971806693,-0.23766356971806693,-0.21241182344379766,-0.21241182344379766,-0.21241182344379766,0.0216225,0.0216225,0.0216225,-0.21143278688901668,-0.21143278688901668,-0.21143278688901668,0.21506203316328595,0.21506203316328595,0.21506203316328595,0.0,0.0,0.0,4.109571862407935
210,2022-08-25,5.211683980465799,1.062564078553819,10.947793290612722,5.211683980465799,5.211683980465799,0.0,0.0,0.0,0.0,0.0,0.0,0.0,0.0,0.0,0.0,0.0,0.0,0.0,0.0,0.0,0.0,0.0,0.0,0.0,0.0,0.0,0.0,0.0,0.0,0.0,0.0,0.0,0.0,0.0,0.0,0.0,0.0,0.0,0.0,0.0,0.0,0.0,0.0,0.0,0.0,0.0,0.0,0.0,0.0,0.0,0.0,0.0,0.0,0.0,0.0,0.0,0.0,0.0,0.0,0.0,0.0,0.0,0.0,0.0,0.0,0.0216225,0.0216225,0.0216225,0.009806218305960786,0.009806218305960786,0.009806218305960786,0.14024510568315682,0.14024510568315682,0.14024510568315682,0.0216225,0.0216225,0.0216225,-0.08723340000010803,-0.08723340000010803,-0.08723340000010803,0.196049787377304,0.196049787377304,0.196049787377304,0.0,0.0,0.0,5.942597151093441
211,2022-08-26,5.20856612040143,1.969716415304701,11.575636053684448,5.20856612040143,5.20856612040143,0.0,0.0,0.0,0.0,0.0,0.0,0.0,0.0,0.0,0.0,0.0,0.0,0.0,0.0,0.0,0.0,0.0,0.0,0.0,0.0,0.0,0.0,0.0,0.0,0.0,0.0,0.0,0.0,0.0,0.0,0.0,0.0,0.0,0.0,0.0,0.0,0.0,0.0,0.0,0.0,0.0,0.0,0.0,0.0,0.0,0.0,0.0,0.0,0.0,0.0,0.0,0.0,0.0,0.0,0.0,0.0,0.0,0.0,0.0,0.0,0.0216225,0.0216225,0.0216225,0.0798615402504612,0.0798615402504612,0.0798615402504612,0.3279358562600533,0.3279358562600533,0.3279358562600533,0.0216225,0.0216225,0.0216225,0.03800761354461802,0.03800761354461802,0.03800761354461802,0.188444202464974,0.188444202464974,0.188444202464974,0.0,0.0,0.0,6.916641710982376
212,2022-08-29,5.199212540208325,1.9709668334836778,11.920382842753542,5.199212540208325,5.199212540208325,0.0,0.0,0.0,0.0,0.0,0.0,0.0,0.0,0.0,0.0,0.0,0.0,0.0,0.0,0.0,0.0,0.0,0.0,0.0,0.0,0.0,0.0,0.0,0.0,0.0,0.0,0.0,0.0,0.0,0.0,0.0,0.0,0.0,0.0,0.0,0.0,0.0,0.0,0.0,0.0,0.0,0.0,0.0,0.0,0.0,0.0,0.0,0.0,0.0,0.0,0.0,0.0,0.0,0.0,0.0,0.0,0.0,0.0,0.0,0.0,0.0216225,0.0216225,0.0216225,0.12951124827436494,0.12951124827436494,0.12951124827436494,0.3312467926500475,0.3312467926500475,0.3312467926500475,0.0216225,0.0216225,0.0216225,0.006942281311034106,0.006942281311034106,0.006942281311034106,0.17317076306464843,0.17317076306464843,0.17317076306464843,0.0,0.0,0.0,6.921435018458239
213,2022-08-30,5.196094680143958,0.8500695131483845,10.75227740508182,5.196094680143958,5.196094680143958,0.0,0.0,0.0,0.0,0.0,0.0,0.0,0.0,0.0,0.0,0.0,0.0,0.0,0.0,0.0,0.0,0.0,0.0,0.0,0.0,0.0,0.0,0.0,0.0,0.0,0.0,0.0,0.0,0.0,0.0,0.0,0.0,0.0,0.0,0.0,0.0,0.0,0.0,0.0,0.0,0.0,0.0,0.0,0.0,0.0,0.0,0.0,0.0,0.0,0.0,0.0,0.0,0.0,0.0,0.0,0.0,0.0,0.0,0.0,0.0,0.0216225,0.0216225,0.0216225,0.17104922689136612,0.17104922689136612,0.17104922689136612,0.1515450009262332,0.1515450009262332,0.1515450009262332,0.0216225,0.0216225,0.0216225,-0.21143278688907508,-0.21143278688907508,-0.21143278688907508,0.17030606092394215,0.17030606092394215,0.17030606092394215,0.0,0.0,0.0,5.983536853259169
214,2022-08-31,5.192976820079589,2.278811969547149,12.048616842379369,5.192976820079589,5.192976820079589,0.0,0.0,0.0,0.0,0.0,0.0,0.0,0.0,0.0,0.0,0.0,0.0,0.0,0.0,0.0,0.0,0.0,0.0,0.0,0.0,0.0,0.0,0.0,0.0,0.0,0.0,0.0,0.0,0.0,0.0,0.0,0.0,0.0,0.0,0.0,0.0,0.0,0.0,0.0,0.0,0.0,0.0,0.0,0.0,0.0,0.0,0.0,0.0,0.0,0.0,0.0,0.0,0.0,0.0,0.0,0.0,0.0,0.0,0.0,0.0,0.0216225,0.0216225,0.0216225,0.2078955073390983,0.2078955073390983,0.2078955073390983,0.358978966515552,0.358978966515552,0.358978966515552,0.0216225,0.0216225,0.0216225,-0.038848752297880706,-0.038848752297880706,-0.038848752297880706,0.16830971147433424,0.16830971147433424,0.16830971147433424,0.0,0.0,0.0,7.057146272090978
215,2022-09-01,5.189858960015221,2.082629512511875,11.614579639710374,5.189858960015221,5.189858960015221,0.0,0.0,0.0,0.0,0.0,0.0,0.0,0.0,0.0,0.0,0.0,0.0,0.0,0.0,0.0,0.0,0.0,0.0,0.0,0.0,0.0,0.0,0.0,0.0,0.0,0.0,0.0,0.0,0.0,0.0,0.0,0.0,0.0,0.0,0.0,0.0,0.0,0.0,0.0,0.0,0.0,0.0,0.0,0.0,0.0,0.0,0.0,0.0,0.0,0.0,0.0,0.0,0.0,0.0,0.0,0.0,0.0,0.0,0.0,0.0,0.0216225,0.0216225,0.0216225,0.22132213332074463,0.22132213332074463,0.22132213332074463,0.32269686988710083,0.32269686988710083,0.32269686988710083,0.0216225,0.0216225,0.0216225,-0.08723339999992452,-0.08723339999992452,-0.08723339999992452,0.16698563656628077,0.16698563656628077,0.16698563656628077,0.0,0.0,0.0,6.8646102015676576
216,2022-09-02,5.1867410999508525,2.6351171671725457,12.46817511741254,5.1867410999508525,5.1867410999508525,0.0,0.0,0.0,0.0,0.0,0.0,0.0,0.0,0.0,0.0,0.0,0.0,0.0,0.0,0.0,0.0,0.0,0.0,0.0,0.0,0.0,0.0,0.0,0.0,0.0,0.0,0.0,0.0,0.0,0.0,0.0,0.0,0.0,0.0,0.0,0.0,0.0,0.0,0.0,0.0,0.0,0.0,0.0,0.0,0.0,0.0,0.0,0.0,0.0,0.0,0.0,0.0,0.0,0.0,0.0,0.0,0.0,0.0,0.0,0.0,0.0216225,0.0216225,0.0216225,0.2112450294146883,0.2112450294146883,0.2112450294146883,0.4369892267093058,0.4369892267093058,0.4369892267093058,0.0216225,0.0216225,0.0216225,0.03800761354490772,0.03800761354490772,0.03800761354490772,0.1661140837497097,0.1661140837497097,0.1661140837497097,0.0,0.0,0.0,7.45329108235975
217,2022-09-03,5.183623239886483,2.6699783983349192,12.65731783334366,5.183623239886483,5.183623239886483,0.0,0.0,0.0,0.0,0.0,0.0,0.0,0.0,0.0,0.0,0.0,0.0,0.0,0.0,0.0,0.0,0.0,0.0,0.0,0.0,0.0,0.0,0.0,0.0,0.0,0.0,0.0,0.0,0.0,0.0,0.0,0.0,0.0,0.0,0.0,0.0,0.0,0.0,0.0,0.0,0.0,0.0,0.0,0.0,0.0,0.0,0.0,0.0,0.0,0.0,0.0,0.0,0.0,0.0,0.0,0.0,0.0,0.0,0.0,0.0,0.0216225,0.0216225,0.0216225,0.18657595001152671,0.18657595001152671,0.18657595001152671,0.49543111323678296,0.49543111323678296,0.49543111323678296,0.0216225,0.0216225,0.0216225,0.1217737459358584,0.1217737459358584,0.1217737459358584,0.16545891728939782,0.16545891728939782,0.16545891728939782,0.0,0.0,0.0,7.7517514722235035
218,2022-09-07,5.171151799578726,0.5768313277977531,10.367312777570461,5.171151799578726,5.171151799578726,0.0,0.0,0.0,0.0,0.0,0.0,0.0,0.0,0.0,0.0,0.0,0.0,0.0,0.0,0.0,0.0,0.0,0.0,0.0,0.0,0.0,0.0,0.0,0.0,0.0,0.0,0.0,0.0,0.0,0.0,0.0,0.0,0.0,0.0,0.0,0.0,0.0,0.0,0.0,0.0,0.0,0.0,0.0,0.0,0.0,0.0,0.0,0.0,0.0,0.0,0.0,0.0,0.0,0.0,0.0,0.0,0.0,0.0,0.0,0.0,0.0216225,0.0216225,0.0216225,-0.13446985157261337,-0.13446985157261337,-0.13446985157261337,0.008440602005640018,0.008440602005640018,0.008440602005640018,0.0216225,0.0216225,0.0216225,-0.038848752297759165,-0.038848752297759165,-0.038848752297759165,0.16013670587601253,0.16013670587601253,0.16013670587601253,0.0,0.0,0.0,5.214799433829719
219,2022-09-08,5.168033939501786,0.013904235575869506,9.412650259355456,5.168033939501786,5.168033939501786,0.0,0.0,0.0,0.0,0.0,0.0,0.0,0.0,0.0,0.0,0.0,0.0,0.0,0.0,0.0,0.0,0.0,0.0,0.0,0.0,0.0,0.0,0.0,0.0,0.0,0.0,0.0,0.0,0.0,0.0,0.0,0.0,0.0,0.0,0.0,0.0,0.0,0.0,0.0,0.0,0.0,0.0,0.0,0.0,0.0,0.0,0.0,0.0,0.0,0.0,0.0,0.0,0.0,0.0,0.0,0.0,0.0,0.0,0.0,0.0,0.0216225,0.0216225,0.0216225,-0.21095988317922276,-0.21095988317922276,-0.21095988317922276,-0.11958478703652319,-0.11958478703652319,-0.11958478703652319,0.0216225,0.0216225,0.0216225,-0.08723339999994412,-0.08723339999994412,-0.08723339999994412,0.15698599614264372,0.15698599614264372,0.15698599614264372,0.0,0.0,0.0,4.550015701448941
220,2022-09-09,5.164916079424846,0.44511878000235017,10.282885437404305,5.164916079424846,5.164916079424846,0.0,0.0,0.0,0.0,0.0,0.0,0.0,0.0,0.0,0.0,0.0,0.0,0.0,0.0,0.0,0.0,0.0,0.0,0.0,0.0,0.0,0.0,0.0,0.0,0.0,0.0,0.0,0.0,0.0,0.0,0.0,0.0,0.0,0.0,0.0,0.0,0.0,0.0,0.0,0.0,0.0,0.0,0.0,0.0,0.0,0.0,0.0,0.0,0.0,0.0,0.0,0.0,0.0,0.0,0.0,0.0,0.0,0.0,0.0,0.0,0.0216225,0.0216225,0.0216225,-0.21547932500798192,-0.21547932500798192,-0.21547932500798192,-0.0031309151213881094,-0.0031309151213881094,-0.0031309151213881094,0.0216225,0.0216225,0.0216225,0.038007613544616674,0.038007613544616674,0.038007613544616674,0.15271829634197714,0.15271829634197714,0.15271829634197714,0.0,0.0,0.0,5.148745165571074
221,2022-09-10,5.161798219347908,0.9404728687053743,10.664216560291356,5.161798219347908,5.161798219347908,0.0,0.0,0.0,0.0,0.0,0.0,0.0,0.0,0.0,0.0,0.0,0.0,0.0,0.0,0.0,0.0,0.0,0.0,0.0,0.0,0.0,0.0,0.0,0.0,0.0,0.0,0.0,0.0,0.0,0.0,0.0,0.0,0.0,0.0,0.0,0.0,0.0,0.0,0.0,0.0,0.0,0.0,0.0,0.0,0.0,0.0,0.0,0.0,0.0,0.0,0.0,0.0,0.0,0.0,0.0,0.0,0.0,0.0,0.0,0.0,0.0216225,0.0216225,0.0216225,-0.15313384457816245,-0.15313384457816245,-0.15313384457816245,0.1374538076258544,0.1374538076258544,0.1374538076258544,0.0216225,0.0216225,0.0216225,0.12177374593605275,0.12177374593605275,0.12177374593605275,0.14719140626796412,0.14719140626796412,0.14719140626796412,0.0,0.0,0.0,5.871307038793633
222,2022-09-12,5.155562499194028,1.0165398990153087,10.969792919321092,5.155562499194028,5.155562499194028,0.0,0.0,0.0,0.0,0.0,0.0,0.0,0.0,0.0,0.0,0.0,0.0,0.0,0.0,0.0,0.0,0.0,0.0,0.0,0.0,0.0,0.0,0.0,0.0,0.0,0.0,0.0,0.0,0.0,0.0,0.0,0.0,0.0,0.0,0.0,0.0,0.0,0.0,0.0,0.0,0.0,0.0,0.0,0.0,0.0,0.0,0.0,0.0,0.0,0.0,0.0,0.0,0.0,0.0,0.0,0.0,0.0,0.0,0.0,0.0,0.0216225,0.0216225,0.0216225,-0.01974961292542419,-0.01974961292542419,-0.01974961292542419,0.14080041148959707,0.14080041148959707,0.14080041148959707,0.0216225,0.0216225,0.0216225,0.006942281310503048,0.006942281310503048,0.006942281310503048,0.1319852431045182,0.1319852431045182,0.1319852431045182,0.0,0.0,0.0,5.881467820540883
223,2022-09-13,5.152444639117089,-0.2356754112433196,9.991804725689605,5.152444639117089,5.152444639117089,0.0,0.0,0.0,0.0,0.0,0.0,0.0,0.0,0.0,0.0,0.0,0.0,0.0,0.0,0.0,0.0,0.0,0.0,0.0,0.0,0.0,0.0,0.0,0.0,0.0,0.0,0.0,0.0,0.0,0.0,0.0,0.0,0.0,0.0,0.0,0.0,0.0,0.0,0.0,0.0,0.0,0.0,0.0,0.0,0.0,0.0,0.0,0.0,0.0,0.0,0.0,0.0,0.0,0.0,0.0,0.0,0.0,0.0,0.0,0.0,0.0216225,0.0216225,0.0216225,-0.014633738774594573,-0.014633738774594573,-0.014633738774594573,-0.08221878279663733,-0.08221878279663733,-0.08221878279663733,0.0216225,0.0216225,0.0216225,-0.21143278688877526,-0.21143278688877526,-0.21143278688877526,0.1222252428667325,0.1222252428667325,0.1222252428667325,0.0,0.0,0.0,4.728816912461823
224,2022-09-14,5.14932677904015,0.6142117775198379,10.492216287273411,5.14932677904015,5.14932677904015,0.0,0.0,0.0,0.0,0.0,0.0,0.0,0.0,0.0,0.0,0.0,0.0,0.0,0.0,0.0,0.0,0.0,0.0,0.0,0.0,0.0,0.0,0.0,0.0,0.0,0.0,0.0,0.0,0.0,0.0,0.0,0.0,0.0,0.0,0.0,0.0,0.0,0.0,0.0,0.0,0.0,0.0,0.0,0.0,0.0,0.0,0.0,0.0,0.0,0.0,0.0,0.0,0.0,0.0,0.0,0.0,0.0,0.0,0.0,0.0,0.0216225,0.0216225,0.0216225,-0.0238420191968259,-0.0238420191968259,-0.0238420191968259,0.06998000777495375,0.06998000777495375,0.06998000777495375,0.0216225,0.0216225,0.0216225,-0.03884875229812691,-0.03884875229812691,-0.03884875229812691,0.11104827926990657,0.11104827926990657,0.11104827926990657,0.0,0.0,0.0,5.509676707073157
225,2022-09-16,5.143091058886271,1.5226441864296676,10.759610191379283,5.143091058886271,5.143091058886271,0.0,0.0,0.0,0.0,0.0,0.0,0.0,0.0,0.0,0.0,0.0,0.0,0.0,0.0,0.0,0.0,0.0,0.0,0.0,0.0,0.0,0.0,0.0,0.0,0.0,0.0,0.0,0.0,0.0,0.0,0.0,0.0,0.0,0.0,0.0,0.0,0.0,0.0,0.0,0.0,0.0,0.0,0.0,0.0,0.0,0.0,0.0,0.0,0.0,0.0,0.0,0.0,0.0,0.0,0.0,0.0,0.0,0.0,0.0,0.0,0.0216225,0.0216225,0.0216225,0.04870561210144271,0.04870561210144271,0.04870561210144271,0.19311289402572784,0.19311289402572784,0.19311289402572784,0.0216225,0.0216225,0.0216225,0.03800761354490639,0.03800761354490639,0.03800761354490639,0.08477716837937876,0.08477716837937876,0.08477716837937876,0.0,0.0,0.0,6.136288257505644
226,2022-09-20,5.130619618578514,-1.4330969396185125,8.663136922223043,5.130619618578514,5.130619618578514,0.0,0.0,0.0,0.0,0.0,0.0,0.0,0.0,0.0,0.0,0.0,0.0,0.0,0.0,0.0,0.0,0.0,0.0,0.0,0.0,0.0,0.0,0.0,0.0,0.0,0.0,0.0,0.0,0.0,0.0,0.0,0.0,0.0,0.0,0.0,0.0,0.0,0.0,0.0,0.0,0.0,0.0,0.0,0.0,0.0,0.0,0.0,0.0,0.0,0.0,0.0,0.0,0.0,0.0,0.0,0.0,0.0,0.0,0.0,0.0,0.0216225,0.0216225,0.0216225,-0.1800362914959211,-0.1800362914959211,-0.1800362914959211,-0.3486517902029651,-0.3486517902029651,-0.3486517902029651,0.0216225,0.0216225,0.0216225,-0.21143278688904193,-0.21143278688904193,-0.21143278688904193,0.021194788181997964,0.021194788181997964,0.021194788181997964,0.0,0.0,0.0,3.341819903710661
227,2022-09-21,5.127501758529277,-1.3738840740883176,8.277810543711297,5.127501758529277,5.127501758529277,0.0,0.0,0.0,0.0,0.0,0.0,0.0,0.0,0.0,0.0,0.0,0.0,0.0,0.0,0.0,0.0,0.0,0.0,0.0,0.0,0.0,0.0,0.0,0.0,0.0,0.0,0.0,0.0,0.0,0.0,0.0,0.0,0.0,0.0,0.0,0.0,0.0,0.0,0.0,0.0,0.0,0.0,0.0,0.0,0.0,0.0,0.0,0.0,0.0,0.0,0.0,0.0,0.0,0.0,0.0,0.0,0.0,0.0,0.0,0.0,0.0216225,0.0216225,0.0216225,-0.28079834971578504,-0.28079834971578504,-0.28079834971578504,-0.2936713030677712,-0.2936713030677712,-0.2936713030677712,0.0216225,0.0216225,0.0216225,-0.038848752298043215,-0.038848752298043215,-0.038848752298043215,0.004353298946057019,0.004353298946057019,0.004353298946057019,0.0,0.0,0.0,3.621701635619696
228,2022-09-22,5.1243838984800405,-1.7084794460651482,8.088608329821579,5.1243838984800405,5.1243838984800405,0.0,0.0,0.0,0.0,0.0,0.0,0.0,0.0,0.0,0.0,0.0,0.0,0.0,0.0,0.0,0.0,0.0,0.0,0.0,0.0,0.0,0.0,0.0,0.0,0.0,0.0,0.0,0.0,0.0,0.0,0.0,0.0,0.0,0.0,0.0,0.0,0.0,0.0,0.0,0.0,0.0,0.0,0.0,0.0,0.0,0.0,0.0,0.0,0.0,0.0,0.0,0.0,0.0,0.0,0.0,0.0,0.0,0.0,0.0,0.0,0.0216225,0.0216225,0.0216225,-0.27816704081753596,-0.27816704081753596,-0.27816704081753596,-0.3560881163385776,-0.3560881163385776,-0.3560881163385776,0.0216225,0.0216225,0.0216225,-0.08723339999999763,-0.08723339999999763,-0.08723339999999763,-0.012310175521044027,-0.012310175521044027,-0.012310175521044027,0.0,0.0,0.0,3.2996516886745457
229,2022-09-23,5.121266038430803,-0.6738310259158349,8.975794248151193,5.121266038430803,5.121266038430803,0.0,0.0,0.0,0.0,0.0,0.0,0.0,0.0,0.0,0.0,0.0,0.0,0.0,0.0,0.0,0.0,0.0,0.0,0.0,0.0,0.0,0.0,0.0,0.0,0.0,0.0,0.0,0.0,0.0,0.0,0.0,0.0,0.0,0.0,0.0,0.0,0.0,0.0,0.0,0.0,0.0,0.0,0.0,0.0,0.0,0.0,0.0,0.0,0.0,0.0,0.0,0.0,0.0,0.0,0.0,0.0,0.0,0.0,0.0,0.0,0.0216225,0.0216225,0.0216225,-0.17931859058127375,-0.17931859058127375,-0.17931859058127375,-0.14818761712948486,-0.14818761712948486,-0.14818761712948486,0.0216225,0.0216225,0.0216225,0.038007613544905706,0.038007613544905706,0.038007613544905706,-0.028499140093116836,-0.028499140093116836,-0.028499140093116836,0.0,0.0,0.0,4.362357827509585
230,2022-09-26,5.111912458283094,0.651795340303897,10.417739870100498,5.111912458283094,5.111912458283094,0.0,0.0,0.0,0.0,0.0,0.0,0.0,0.0,0.0,0.0,0.0,0.0,0.0,0.0,0.0,0.0,0.0,0.0,0.0,0.0,0.0,0.0,0.0,0.0,0.0,0.0,0.0,0.0,0.0,0.0,0.0,0.0,0.0,0.0,0.0,0.0,0.0,0.0,0.0,0.0,0.0,0.0,0.0,0.0,0.0,0.0,0.0,0.0,0.0,0.0,0.0,0.0,0.0,0.0,0.0,0.0,0.0,0.0,0.0,0.0,0.0216225,0.0216225,0.0216225,0.09409355822671323,0.09409355822671323,0.09409355822671323,0.05132871184430586,0.05132871184430586,0.05132871184430586,0.0216225,0.0216225,0.0216225,0.006942281311265619,0.006942281311265619,0.006942281311265619,-0.07132962769367299,-0.07132962769367299,-0.07132962769367299,0.0,0.0,0.0,5.374300339827624
231,2022-09-27,5.108794598233858,-0.466331840366876,9.177914340385001,5.108794598233858,5.108794598233858,0.0,0.0,0.0,0.0,0.0,0.0,0.0,0.0,0.0,0.0,0.0,0.0,0.0,0.0,0.0,0.0,0.0,0.0,0.0,0.0,0.0,0.0,0.0,0.0,0.0,0.0,0.0,0.0,0.0,0.0,0.0,0.0,0.0,0.0,0.0,0.0,0.0,0.0,0.0,0.0,0.0,0.0,0.0,0.0,0.0,0.0,0.0,0.0,0.0,0.0,0.0,0.0,0.0,0.0,0.0,0.0,0.0,0.0,0.0,0.0,0.0216225,0.0216225,0.0216225,0.10186558287695399,0.10186558287695399,0.10186558287695399,-0.1707555198521696,-0.1707555198521696,-0.1707555198521696,0.0216225,0.0216225,0.0216225,-0.21143278688889205,-0.21143278688889205,-0.21143278688889205,-0.08281081584023155,-0.08281081584023155,-0.08281081584023155,0.0,0.0,0.0,4.236439720794479
232,2022-09-29,5.102558878135385,0.24882801275055583,9.682063036115773,5.102558878135385,5.102558878135385,0.0,0.0,0.0,0.0,0.0,0.0,0.0,0.0,0.0,0.0,0.0,0.0,0.0,0.0,0.0,0.0,0.0,0.0,0.0,0.0,0.0,0.0,0.0,0.0,0.0,0.0,0.0,0.0,0.0,0.0,0.0,0.0,0.0,0.0,0.0,0.0,0.0,0.0,0.0,0.0,0.0,0.0,0.0,0.0,0.0,0.0,0.0,0.0,0.0,0.0,0.0,0.0,0.0,0.0,0.0,0.0,0.0,0.0,0.0,0.0,0.0,0.0,0.0,0.14922494991752247,0.14922494991752247,0.14922494991752247,-0.03828627213606123,-0.03828627213606123,-0.03828627213606123,0.0,0.0,0.0,-0.08723339999995429,-0.08723339999995429,-0.08723339999995429,-0.10027782205362944,-0.10027782205362944,-0.10027782205362944,0.0,0.0,0.0,4.907200920336818
233,2022-09-30,5.099441018086148,0.5669244875678574,10.628286030793152,5.099441018086148,5.099441018086148,0.0,0.0,0.0,0.0,0.0,0.0,0.0,0.0,0.0,0.0,0.0,0.0,0.0,0.0,0.0,0.0,0.0,0.0,0.0,0.0,0.0,0.0,0.0,0.0,0.0,0.0,0.0,0.0,0.0,0.0,0.0,0.0,0.0,0.0,0.0,0.0,0.0,0.0,0.0,0.0,0.0,0.0,0.0,0.0,0.0,0.0,0.0,0.0,0.0,0.0,0.0,0.0,0.0,0.0,0.0,0.0,0.0,0.0,0.0,0.0,0.0,0.0,0.0,0.19161248003580267,0.19161248003580267,0.19161248003580267,0.12365932938682703,0.12365932938682703,0.12365932938682703,0.0,0.0,0.0,0.0380076135445447,0.0380076135445447,0.0380076135445447,-0.10596076419352031,-0.10596076419352031,-0.10596076419352031,0.0,0.0,0.0,5.730034474630361
234,2022-10-01,5.096323158036913,1.146480643218303,10.707203995702713,5.096323158036913,5.096323158036913,0.0,0.0,0.0,0.0,0.0,0.0,0.0,0.0,0.0,0.0,0.0,0.0,0.0,0.0,0.0,0.0,0.0,0.0,0.0,0.0,0.0,0.0,0.0,0.0,0.0,0.0,0.0,0.0,0.0,0.0,0.0,0.0,0.0,0.0,0.0,0.0,0.0,0.0,0.0,0.0,0.0,0.0,0.0,0.0,0.0,0.0,0.0,0.0,0.0,0.0,0.0,0.0,0.0,0.0,0.0,0.0,0.0,0.0,0.0,0.0,0.0,0.0,0.0,0.21797369908295566,0.21797369908295566,0.21797369908295566,0.230263870088859,0.230263870088859,0.230263870088859,0.0,0.0,0.0,0.12177374593625277,0.12177374593625277,0.12177374593625277,-0.1094835749303494,-0.1094835749303494,-0.1094835749303494,0.0,0.0,0.0,6.269822251629969
235,2022-10-03,5.09008743793844,0.7316996454143363,10.515488271500244,5.09008743793844,5.09008743793844,0.0,0.0,0.0,0.0,0.0,0.0,0.0,0.0,0.0,0.0,0.0,0.0,0.0,0.0,0.0,0.0,0.0,0.0,0.0,0.0,0.0,0.0,0.0,0.0,0.0,0.0,0.0,0.0,0.0,0.0,0.0,0.0,0.0,0.0,0.0,0.0,0.0,0.0,0.0,0.0,0.0,0.0,0.0,0.0,0.0,0.0,0.0,0.0,0.0,0.0,0.0,0.0,0.0,0.0,0.0,0.0,0.0,0.0,0.0,0.0,0.0,0.0,0.0,0.20039760788651137,0.20039760788651137,0.20039760788651137,0.09737301231591211,0.09737301231591211,0.09737301231591211,0.0,0.0,0.0,0.006942281310831319,0.006942281310831319,0.006942281310831319,-0.10996687688143054,-0.10996687688143054,-0.10996687688143054,0.0,0.0,0.0,5.585724584721889
236,2022-10-04,5.086969577889202,-0.42626287867094004,9.065281956563418,5.086969577889202,5.086969577889202,0.0,0.0,0.0,0.0,0.0,0.0,0.0,0.0,0.0,0.0,0.0,0.0,0.0,0.0,0.0,0.0,0.0,0.0,0.0,0.0,0.0,0.0,0.0,0.0,0.0,0.0,0.0,0.0,0.0,0.0,0.0,0.0,0.0,0.0,0.0,0.0,0.0,0.0,0.0,0.0,0.0,0.0,0.0,0.0,0.0,0.0,0.0,0.0,0.0,0.0,0.0,0.0,0.0,0.0,0.0,0.0,0.0,0.0,0.0,0.0,0.0,0.0,0.0,0.16917719716252516,0.16917719716252516,0.16917719716252516,-0.14927063153672374,-0.14927063153672374,-0.14927063153672374,0.0,0.0,0.0,-0.21143278688895045,-0.21143278688895045,-0.21143278688895045,-0.10701504181029847,-0.10701504181029847,-0.10701504181029847,0.0,0.0,0.0,4.32763441638958
237,2022-10-05,5.083851717839966,0.0686144476364048,9.762548743487628,5.083851717839966,5.083851717839966,0.0,0.0,0.0,0.0,0.0,0.0,0.0,0.0,0.0,0.0,0.0,0.0,0.0,0.0,0.0,0.0,0.0,0.0,0.0,0.0,0.0,0.0,0.0,0.0,0.0,0.0,0.0,0.0,0.0,0.0,0.0,0.0,0.0,0.0,0.0,0.0,0.0,0.0,0.0,0.0,0.0,0.0,0.0,0.0,0.0,0.0,0.0,0.0,0.0,0.0,0.0,0.0,0.0,0.0,0.0,0.0,0.0,0.0,0.0,0.0,0.0,0.0,0.0,0.11696411932670031,0.11696411932670031,0.11696411932670031,-0.023962215895245317,-0.023962215895245317,-0.023962215895245317,0.0,0.0,0.0,-0.03884875229828945,-0.03884875229828945,-0.03884875229828945,-0.1020775829236562,-0.1020775829236562,-0.1020775829236562,0.0,0.0,0.0,4.962031365397672
238,2022-10-06,5.0807338577907295,-0.8054047018051361,9.005387811656027,5.0807338577907295,5.0807338577907295,0.0,0.0,0.0,0.0,0.0,0.0,0.0,0.0,0.0,0.0,0.0,0.0,0.0,0.0,0.0,0.0,0.0,0.0,0.0,0.0,0.0,0.0,0.0,0.0,0.0,0.0,0.0,0.0,0.0,0.0,0.0,0.0,0.0,0.0,0.0,0.0,0.0,0.0,0.0,0.0,0.0,0.0,0.0,0.0,0.0,0.0,0.0,0.0,0.0,0.0,0.0,0.0,0.0,0.0,0.0,0.0,0.0,0.0,0.0,0.0,0.0,0.0,0.0,0.03152332081679216,0.03152332081679216,0.03152332081679216,-0.15103281860255288,-0.15103281860255288,-0.15103281860255288,0.0,0.0,0.0,-0.08723340000005111,-0.08723340000005111,-0.08723340000005111,-0.09532273941929392,-0.09532273941929392,-0.09532273941929392,0.0,0.0,0.0,4.313376302679173
239,2022-10-08,5.074498137692256,-0.546309843023164,9.471361943120838,5.074498137692256,5.074498137692256,0.0,0.0,0.0,0.0,0.0,0.0,0.0,0.0,0.0,0.0,0.0,0.0,0.0,0.0,0.0,0.0,0.0,0.0,0.0,0.0,0.0,0.0,0.0,0.0,0.0,0.0,0.0,0.0,0.0,0.0,0.0,0.0,0.0,0.0,0.0,0.0,0.0,0.0,0.0,0.0,0.0,0.0,0.0,0.0,0.0,0.0,0.0,0.0,0.0,0.0,0.0,0.0,0.0,0.0,0.0,0.0,0.0,0.0,0.0,0.0,0.0,0.0,0.0,-0.18011536852722188,-0.18011536852722188,-0.18011536852722188,-0.13559244902110232,-0.13559244902110232,-0.13559244902110232,0.0,0.0,0.0,0.12177374593606402,0.12177374593606402,0.12177374593606402,-0.07725082642994446,-0.07725082642994446,-0.07725082642994446,0.0,0.0,0.0,4.38643450764954
240,2022-10-10,5.0682624175937825,-1.1912070551871994,8.708246235584637,5.0682624175937825,5.0682624175937825,0.0,0.0,0.0,0.0,0.0,0.0,0.0,0.0,0.0,0.0,0.0,0.0,0.0,0.0,0.0,0.0,0.0,0.0,0.0,0.0,0.0,0.0,0.0,0.0,0.0,0.0,0.0,0.0,0.0,0.0,0.0,0.0,0.0,0.0,0.0,0.0,0.0,0.0,0.0,0.0,0.0,0.0,0.0,0.0,0.0,0.0,0.0,0.0,0.0,0.0,0.0,0.0,0.0,0.0,0.0,0.0,0.0,0.0,0.0,0.0,0.0,0.0,0.0,-0.19042063851065746,-0.19042063851065746,-0.19042063851065746,-0.2384153202369059,-0.2384153202369059,-0.2384153202369059,0.0,0.0,0.0,0.006942281310734561,0.006942281310734561,0.006942281310734561,-0.05493696303698295,-0.05493696303698295,-0.05493696303698295,0.0,0.0,0.0,3.859911010258486
241,2022-10-11,5.0651445575445475,-1.4708894535055101,7.988301867398005,5.0651445575445475,5.0651445575445475,0.0,0.0,0.0,0.0,0.0,0.0,0.0,0.0,0.0,0.0,0.0,0.0,0.0,0.0,0.0,0.0,0.0,0.0,0.0,0.0,0.0,0.0,0.0,0.0,0.0,0.0,0.0,0.0,0.0,0.0,0.0,0.0,0.0,0.0,0.0,0.0,0.0,0.0,0.0,0.0,0.0,0.0,0.0,0.0,0.0,0.0,0.0,0.0,0.0,0.0,0.0,0.0,0.0,0.0,0.0,0.0,0.0,0.0,0.0,0.0,0.0,0.0,0.0,-0.1107303900000393,-0.1107303900000393,-0.1107303900000393,-0.36514167069008036,-0.36514167069008036,-0.36514167069008036,0.0,0.0,0.0,-0.2114327868889484,-0.2114327868889484,-0.2114327868889484,-0.04297849380109267,-0.04297849380109267,-0.04297849380109267,0.0,0.0,0.0,3.215649211515964
242,2022-10-13,5.058908837446074,-0.5706143207162279,9.440197858207464,5.058908837446074,5.058908837446074,0.0,0.0,0.0,0.0,0.0,0.0,0.0,0.0,0.0,0.0,0.0,0.0,0.0,0.0,0.0,0.0,0.0,0.0,0.0,0.0,0.0,0.0,0.0,0.0,0.0,0.0,0.0,0.0,0.0,0.0,0.0,0.0,0.0,0.0,0.0,0.0,0.0,0.0,0.0,0.0,0.0,0.0,0.0,0.0,0.0,0.0,0.0,0.0,0.0,0.0,0.0,0.0,0.0,0.0,0.0,0.0,0.0,0.0,0.0,0.0,0.0,0.0,0.0,-0.012596115776691522,-0.012596115776691522,-0.012596115776691522,-0.11898732535121809,-0.11898732535121809,-0.11898732535121809,0.0,0.0,0.0,-0.08723339999986762,-0.08723339999986762,-0.08723339999986762,-0.019157809574658954,-0.019157809574658954,-0.019157809574658954,0.0,0.0,0.0,4.456962805682725
243,2022-10-14,5.055790977396838,0.42482973703081844,10.117300990617277,5.055790977396838,5.055790977396838,0.0,0.0,0.0,0.0,0.0,0.0,0.0,0.0,0.0,0.0,0.0,0.0,0.0,0.0,0.0,0.0,0.0,0.0,0.0,0.0,0.0,0.0,0.0,0.0,0.0,0.0,0.0,0.0,0.0,0.0,0.0,0.0,0.0,0.0,0.0,0.0,0.0,0.0,0.0,0.0,0.0,0.0,0.0,0.0,0.0,0.0,0.0,0.0,0.0,0.0,0.0,0.0,0.0,0.0,0.0,0.0,0.0,0.0,0.0,0.0,0.0,0.0,0.0,-0.020451809831045227,-0.020451809831045227,-0.020451809831045227,0.00957980139557859,0.00957980139557859,0.00957980139557859,0.0,0.0,0.0,0.03800761354483373,0.03800761354483373,0.03800761354483373,-0.007976002318209907,-0.007976002318209907,-0.007976002318209907,0.0,0.0,0.0,5.104224450857858
244,2022-10-15,5.052673117347601,0.9556775036372042,10.3648399600484,5.052673117347601,5.052673117347601,0.0,0.0,0.0,0.0,0.0,0.0,0.0,0.0,0.0,0.0,0.0,0.0,0.0,0.0,0.0,0.0,0.0,0.0,0.0,0.0,0.0,0.0,0.0,0.0,0.0,0.0,0.0,0.0,0.0,0.0,0.0,0.0,0.0,0.0,0.0,0.0,0.0,0.0,0.0,0.0,0.0,0.0,0.0,0.0,0.0,0.0,0.0,0.0,0.0,0.0,0.0,0.0,0.0,0.0,0.0,0.0,0.0,0.0,0.0,0.0,0.0,0.0,0.0,-0.019569135376821277,-0.019569135376821277,-0.019569135376821277,0.1044910428067154,0.1044910428067154,0.1044910428067154,0.0,0.0,0.0,0.12177374593605131,0.12177374593605131,0.12177374593605131,0.0022864322474853427,0.0022864322474853427,0.0022864322474853427,0.0,0.0,0.0,5.58063220034071
245,2022-10-17,5.046437397249129,0.5060256746993601,10.507266352348756,5.046437397249129,5.046437397249129,0.0,0.0,0.0,0.0,0.0,0.0,0.0,0.0,0.0,0.0,0.0,0.0,0.0,0.0,0.0,0.0,0.0,0.0,0.0,0.0,0.0,0.0,0.0,0.0,0.0,0.0,0.0,0.0,0.0,0.0,0.0,0.0,0.0,0.0,0.0,0.0,0.0,0.0,0.0,0.0,0.0,0.0,0.0,0.0,0.0,0.0,0.0,0.0,0.0,0.0,0.0,0.0,0.0,0.0,0.0,0.0,0.0,0.0,0.0,0.0,0.0,0.0,0.0,0.0762848853822595,0.0762848853822595,0.0762848853822595,0.10212130638591263,0.10212130638591263,0.10212130638591263,0.0,0.0,0.0,0.006942281310300256,0.006942281310300256,0.006942281310300256,0.018894139693352865,0.018894139693352865,0.018894139693352865,0.0,0.0,0.0,5.5617861768509345
246,2022-10-20,5.03708381710142,-0.8122732084119748,8.94830708066051,5.03708381710142,5.03708381710142,0.0,0.0,0.0,0.0,0.0,0.0,0.0,0.0,0.0,0.0,0.0,0.0,0.0,0.0,0.0,0.0,0.0,0.0,0.0,0.0,0.0,0.0,0.0,0.0,0.0,0.0,0.0,0.0,0.0,0.0,0.0,0.0,0.0,0.0,0.0,0.0,0.0,0.0,0.0,0.0,0.0,0.0,0.0,0.0,0.0,0.0,0.0,0.0,0.0,0.0,0.0,0.0,0.0,0.0,0.0,0.0,0.0,0.0,0.0,0.0,0.0,0.0,0.0,-0.10756872933661887,-0.10756872933661887,-0.10756872933661887,-0.16416611555641158,-0.16416611555641158,-0.16416611555641158,0.0,0.0,0.0,-0.08723339999996445,-0.08723339999996445,-0.08723339999996445,0.03063601378017173,0.03063601378017173,0.03063601378017173,0.0,0.0,0.0,4.2101653331158175
247,2022-10-21,5.033965957052182,-0.3190357942145297,8.971341996379266,5.033965957052182,5.033965957052182,0.0,0.0,0.0,0.0,0.0,0.0,0.0,0.0,0.0,0.0,0.0,0.0,0.0,0.0,0.0,0.0,0.0,0.0,0.0,0.0,0.0,0.0,0.0,0.0,0.0,0.0,0.0,0.0,0.0,0.0,0.0,0.0,0.0,0.0,0.0,0.0,0.0,0.0,0.0,0.0,0.0,0.0,0.0,0.0,0.0,0.0,0.0,0.0,0.0,0.0,0.0,0.0,0.0,0.0,0.0,0.0,0.0,0.0,0.0,0.0,0.0,0.0,0.0,-0.24093845257484553,-0.24093845257484553,-0.24093845257484553,-0.17246902217657786,-0.17246902217657786,-0.17246902217657786,0.0,0.0,0.0,0.038007613544833056,0.038007613544833056,0.038007613544833056,0.030461816853434655,0.030461816853434655,0.030461816853434655,0.0,0.0,0.0,4.165762770769211
248,2022-10-22,5.030848097002946,-0.7280418457383095,8.917466918904099,5.030848097002946,5.030848097002946,0.0,0.0,0.0,0.0,0.0,0.0,0.0,0.0,0.0,0.0,0.0,0.0,0.0,0.0,0.0,0.0,0.0,0.0,0.0,0.0,0.0,0.0,0.0,0.0,0.0,0.0,0.0,0.0,0.0,0.0,0.0,0.0,0.0,0.0,0.0,0.0,0.0,0.0,0.0,0.0,0.0,0.0,0.0,0.0,0.0,0.0,0.0,0.0,0.0,0.0,0.0,0.0,0.0,0.0,0.0,0.0,0.0,0.0,0.0,0.0,0.0,0.0,0.0,-0.29365990324828656,-0.29365990324828656,-0.29365990324828656,-0.14372839233110776,-0.14372839233110776,-0.14372839233110776,0.0,0.0,0.0,0.1217737459358626,0.1217737459358626,0.1217737459358626,0.02815776498131633,0.02815776498131633,0.02815776498131633,0.0,0.0,0.0,4.3077723879587
249,2022-10-24,5.024612376904473,-0.3973746312146111,9.331134771128248,5.024612376904473,5.024612376904473,0.0,0.0,0.0,0.0,0.0,0.0,0.0,0.0,0.0,0.0,0.0,0.0,0.0,0.0,0.0,0.0,0.0,0.0,0.0,0.0,0.0,0.0,0.0,0.0,0.0,0.0,0.0,0.0,0.0,0.0,0.0,0.0,0.0,0.0,0.0,0.0,0.0,0.0,0.0,0.0,0.0,0.0,0.0,0.0,0.0,0.0,0.0,0.0,0.0,0.0,0.0,0.0,0.0,0.0,0.0,0.0,0.0,0.0,0.0,0.0,0.0,0.0,0.0,-0.11250446745826556,-0.11250446745826556,-0.11250446745826556,-0.08821394243235363,-0.08821394243235363,-0.08821394243235363,0.0,0.0,0.0,0.0069422813105410285,0.0069422813105410285,0.0069422813105410285,0.01734824371537091,0.01734824371537091,0.01734824371537091,0.0,0.0,0.0,4.581371509943331
250,2022-10-26,5.018376656806001,0.03417097114700975,10.136407044217982,5.018376656806001,5.018376656806001,0.0,0.0,0.0,0.0,0.0,0.0,0.0,0.0,0.0,0.0,0.0,0.0,0.0,0.0,0.0,0.0,0.0,0.0,0.0,0.0,0.0,0.0,0.0,0.0,0.0,0.0,0.0,0.0,0.0,0.0,0.0,0.0,0.0,0.0,0.0,0.0,0.0,0.0,0.0,0.0,0.0,0.0,0.0,0.0,0.0,0.0,0.0,0.0,0.0,0.0,0.0,0.0,0.0,0.0,0.0,0.0,0.0,0.0,0.0,0.0,0.0,0.0,0.0,0.07986154025047194,0.07986154025047194,0.07986154025047194,0.040145348127455224,0.040145348127455224,0.040145348127455224,0.0,0.0,0.0,-0.03884875229807609,-0.03884875229807609,-0.03884875229807609,-0.0008674398249406412,-0.0008674398249406412,-0.0008674398249406412,0.0,0.0,0.0,5.219841134728172
251,2022-10-27,5.015258796756763,0.3186093130087933,9.6772349086591,5.015258796756763,5.015258796756763,0.0,0.0,0.0,0.0,0.0,0.0,0.0,0.0,0.0,0.0,0.0,0.0,0.0,0.0,0.0,0.0,0.0,0.0,0.0,0.0,0.0,0.0,0.0,0.0,0.0,0.0,0.0,0.0,0.0,0.0,0.0,0.0,0.0,0.0,0.0,0.0,0.0,0.0,0.0,0.0,0.0,0.0,0.0,0.0,0.0,0.0,0.0,0.0,0.0,0.0,0.0,0.0,0.0,0.0,0.0,0.0,0.0,0.0,0.0,0.0,0.0,0.0,0.0,0.09961754826387245,0.09961754826387245,0.09961754826387245,0.00014398115102435757,0.00014398115102435757,0.00014398115102435757,0.0,0.0,0.0,-0.08723339999998406,-0.08723339999998406,-0.08723339999998406,-0.012240167112864048,-0.012240167112864048,-0.012240167112864048,0.0,0.0,0.0,5.015980899491005
252,2022-10-28,5.012140936707528,0.929524020950575,10.731098706643829,5.012140936707528,5.012140936707528,0.0,0.0,0.0,0.0,0.0,0.0,0.0,0.0,0.0,0.0,0.0,0.0,0.0,0.0,0.0,0.0,0.0,0.0,0.0,0.0,0.0,0.0,0.0,0.0,0.0,0.0,0.0,0.0,0.0,0.0,0.0,0.0,0.0,0.0,0.0,0.0,0.0,0.0,0.0,0.0,0.0,0.0,0.0,0.0,0.0,0.0,0.0,0.0,0.0,0.0,0.0,0.0,0.0,0.0,0.0,0.0,0.0,0.0,0.0,0.0,0.0,0.0,0.0,0.10577754824105624,0.10577754824105624,0.10577754824105624,0.11902246044056017,0.11902246044056017,0.11902246044056017,0.0,0.0,0.0,0.03800761354512276,0.03800761354512276,0.03800761354512276,-0.02476270134561883,-0.02476270134561883,-0.02476270134561883,0.0,0.0,0.0,5.6086982830693115
253,2022-10-29,5.0090230766582895,1.0120955094953843,10.816832080721788,5.0090230766582895,5.0090230766582895,0.0,0.0,0.0,0.0,0.0,0.0,0.0,0.0,0.0,0.0,0.0,0.0,0.0,0.0,0.0,0.0,0.0,0.0,0.0,0.0,0.0,0.0,0.0,0.0,0.0,0.0,0.0,0.0,0.0,0.0,0.0,0.0,0.0,0.0,0.0,0.0,0.0,0.0,0.0,0.0,0.0,0.0,0.0,0.0,0.0,0.0,0.0,0.0,0.0,0.0,0.0,0.0,0.0,0.0,0.0,0.0,0.0,0.0,0.0,0.0,0.0,0.0,0.0,0.12951124827431615,0.12951124827431615,0.12951124827431615,0.2131627590734117,0.2131627590734117,0.2131627590734117,0.0,0.0,0.0,0.12177374593605696,0.12177374593605696,0.12177374593605696,-0.03812223513696142,-0.03812223513696142,-0.03812223513696142,0.0,0.0,0.0,6.07676025594116
254,2022-10-31,5.002787356559818,1.0341730168288557,10.29410041350873,5.002787356559818,5.002787356559818,0.0,0.0,0.0,0.0,0.0,0.0,0.0,0.0,0.0,0.0,0.0,0.0,0.0,0.0,0.0,0.0,0.0,0.0,0.0,0.0,0.0,0.0,0.0,0.0,0.0,0.0,0.0,0.0,0.0,0.0,0.0,0.0,0.0,0.0,0.0,0.0,0.0,0.0,0.0,0.0,0.0,0.0,0.0,0.0,0.0,0.0,0.0,0.0,0.0,0.0,0.0,0.0,0.0,0.0,0.0,0.0,0.0,0.0,0.0,0.0,0.0,0.0,0.0,0.20789550733906056,0.20789550733906056,0.20789550733906056,0.14885124706366384,0.14885124706366384,0.14885124706366384,0.0,0.0,0.0,0.00694228131010673,0.00694228131010673,0.00694228131010673,-0.06598654158550342,-0.06598654158550342,-0.06598654158550342,0.0,0.0,0.0,5.747458493378077
255,2022-11-01,4.999669496510581,-0.13881646708025164,9.866323902817895,4.999669496510581,4.999669496510581,0.0,0.0,0.0,0.0,0.0,0.0,0.0,0.0,0.0,0.0,0.0,0.0,0.0,0.0,0.0,0.0,0.0,0.0,0.0,0.0,0.0,0.0,0.0,0.0,0.0,0.0,0.0,0.0,0.0,0.0,0.0,0.0,0.0,0.0,0.0,0.0,0.0,0.0,0.0,0.0,0.0,0.0,0.0,0.0,0.0,0.0,0.0,0.0,0.0,0.0,0.0,0.0,0.0,0.0,0.0,0.0,0.0,0.0,0.0,0.0,0.0,0.0,0.0,0.22132213332062606,0.22132213332062606,0.22132213332062606,-0.06988870675230913,-0.06988870675230913,-0.06988870675230913,0.0,0.0,0.0,-0.21143278688906317,-0.21143278688906317,-0.21143278688906317,-0.07977805318387206,-0.07977805318387206,-0.07977805318387206,0.0,0.0,0.0,4.650249061210488
256,2022-11-03,4.993433776412108,0.14298820751712576,9.677150089468666,4.993433776412108,4.993433776412108,0.0,0.0,0.0,0.0,0.0,0.0,0.0,0.0,0.0,0.0,0.0,0.0,0.0,0.0,0.0,0.0,0.0,0.0,0.0,0.0,0.0,0.0,0.0,0.0,0.0,0.0,0.0,0.0,0.0,0.0,0.0,0.0,0.0,0.0,0.0,0.0,0.0,0.0,0.0,0.0,0.0,0.0,0.0,0.0,0.0,0.0,0.0,0.0,0.0,0.0,0.0,0.0,0.0,0.0,0.0,0.0,0.0,0.0,0.0,0.0,0.0,0.0,0.0,0.18657595001155172,0.18657595001155172,0.18657595001155172,-0.005962018420373961,-0.005962018420373961,-0.005962018420373961,0.0,0.0,0.0,-0.08723339999994072,-0.08723339999994072,-0.08723339999994072,-0.10530456843198494,-0.10530456843198494,-0.10530456843198494,0.0,0.0,0.0,4.963662832256222
257,2022-11-05,4.987198056313636,0.25632794153501953,10.12013933100196,4.987198056313636,4.987198056313636,0.0,0.0,0.0,0.0,0.0,0.0,0.0,0.0,0.0,0.0,0.0,0.0,0.0,0.0,0.0,0.0,0.0,0.0,0.0,0.0,0.0,0.0,0.0,0.0,0.0,0.0,0.0,0.0,0.0,0.0,0.0,0.0,0.0,0.0,0.0,0.0,0.0,0.0,0.0,0.0,0.0,0.0,0.0,0.0,0.0,0.0,0.0,0.0,0.0,0.0,0.0,0.0,0.0,0.0,0.0,0.0,0.0,0.0,0.0,0.0,0.0,0.0,0.0,0.07865461494224832,0.07865461494224832,0.07865461494224832,0.07451768614365813,0.07451768614365813,0.07451768614365813,0.0,0.0,0.0,0.12177374593625132,0.12177374593625132,0.12177374593625132,-0.12591067473484152,-0.12591067473484152,-0.12591067473484152,0.0,0.0,0.0,5.358832515810277
258,2022-11-07,4.980962336215162,-1.2109946353344812,8.566298344116797,4.980962336215162,4.980962336215162,0.0,0.0,0.0,0.0,0.0,0.0,0.0,0.0,0.0,0.0,0.0,0.0,0.0,0.0,0.0,0.0,0.0,0.0,0.0,0.0,0.0,0.0,0.0,0.0,0.0,0.0,0.0,0.0,0.0,0.0,0.0,0.0,0.0,0.0,0.0,0.0,0.0,0.0,0.0,0.0,0.0,0.0,0.0,0.0,0.0,0.0,0.0,0.0,0.0,0.0,0.0,0.0,0.0,0.0,0.0,0.0,0.0,0.0,0.0,0.0,0.0,0.0,0.0,-0.134469851572595,-0.134469851572595,-0.134469851572595,-0.2669578716340913,-0.2669578716340913,-0.2669578716340913,0.0,0.0,0.0,0.0069422813109660635,0.0069422813109660635,0.0069422813109660635,-0.13943030137246232,-0.13943030137246232,-0.13943030137246232,0.0,0.0,0.0,3.651255232249592
259,2022-11-12,4.96537303596898,-0.08563831694528452,9.849728174549714,4.96537303596898,4.96537303596898,0.0,0.0,0.0,0.0,0.0,0.0,0.0,0.0,0.0,0.0,0.0,0.0,0.0,0.0,0.0,0.0,0.0,0.0,0.0,0.0,0.0,0.0,0.0,0.0,0.0,0.0,0.0,0.0,0.0,0.0,0.0,0.0,0.0,0.0,0.0,0.0,0.0,0.0,0.0,0.0,0.0,0.0,0.0,0.0,0.0,0.0,0.0,0.0,0.0,0.0,0.0,0.0,0.0,0.0,0.0,0.0,0.0,0.0,0.0,0.0,0.0,0.0,0.0,-0.019749612925407875,-0.019749612925407875,-0.019749612925407875,-0.0329530200041056,-0.0329530200041056,-0.0329530200041056,0.0,0.0,0.0,0.12177374593585549,0.12177374593585549,0.12177374593585549,-0.13497715301455324,-0.13497715301455324,-0.13497715301455324,0.0,0.0,0.0,4.801748998986848
260,2022-11-17,4.949783735722798,-0.7583735272476436,9.432887956174799,4.949783735722798,4.949783735722798,0.0,0.0,0.0,0.0,0.0,0.0,0.0,0.0,0.0,0.0,0.0,0.0,0.0,0.0,0.0,0.0,0.0,0.0,0.0,0.0,0.0,0.0,0.0,0.0,0.0,0.0,0.0,0.0,0.0,0.0,0.0,0.0,0.0,0.0,0.0,0.0,0.0,0.0,0.0,0.0,0.0,0.0,0.0,0.0,0.0,0.0,0.0,0.0,0.0,0.0,0.0,0.0,0.0,0.0,0.0,0.0,0.0,0.0,0.0,0.0,0.0,0.0,0.0,0.09382005916240203,0.09382005916240203,0.09382005916240203,-0.07577294078196031,-0.07577294078196031,-0.07577294078196031,0.0,0.0,0.0,-0.08723339999999422,-0.08723339999999422,-0.08723339999999422,-0.08235959994436814,-0.08235959994436814,-0.08235959994436814,0.0,0.0,0.0,4.574724065832364
261,2022-11-18,4.9466658756735615,0.2249835393994474,10.066518537314916,4.9466658756735615,4.9466658756735615,0.0,0.0,0.0,0.0,0.0,0.0,0.0,0.0,0.0,0.0,0.0,0.0,0.0,0.0,0.0,0.0,0.0,0.0,0.0,0.0,0.0,0.0,0.0,0.0,0.0,0.0,0.0,0.0,0.0,0.0,0.0,0.0,0.0,0.0,0.0,0.0,0.0,0.0,0.0,0.0,0.0,0.0,0.0,0.0,0.0,0.0,0.0,0.0,0.0,0.0,0.0,0.0,0.0,0.0,0.0,0.0,0.0,0.0,0.0,0.0,0.0,0.0,0.0,0.07216814568969707,0.07216814568969707,0.07216814568969707,0.04147092934760124,0.04147092934760124,0.04147092934760124,0.0,0.0,0.0,0.03800761354447,0.03800761354447,0.03800761354447,-0.06870482988656583,-0.06870482988656583,-0.06870482988656583,0.0,0.0,0.0,5.15180870670981
262,2022-11-19,4.943548015624325,0.3142183987412698,9.882347532359816,4.943548015624325,4.943548015624325,0.0,0.0,0.0,0.0,0.0,0.0,0.0,0.0,0.0,0.0,0.0,0.0,0.0,0.0,0.0,0.0,0.0,0.0,0.0,0.0,0.0,0.0,0.0,0.0,0.0,0.0,0.0,0.0,0.0,0.0,0.0,0.0,0.0,0.0,0.0,0.0,0.0,0.0,0.0,0.0,0.0,0.0,0.0,0.0,0.0,0.0,0.0,0.0,0.0,0.0,0.0,0.0,0.0,0.0,0.0,0.0,0.0,0.0,0.0,0.0,0.0,0.0,0.0,-0.034698333600342766,-0.034698333600342766,-0.034698333600342766,0.03223099782344109,0.03223099782344109,0.03223099782344109,0.0,0.0,0.0,0.12177374593566678,0.12177374593566678,0.12177374593566678,-0.05484441451188296,-0.05484441451188296,-0.05484441451188296,0.0,0.0,0.0,5.102883500955989
263,2022-11-21,4.937312295525852,-1.2221798623210982,8.51885617231858,4.937312295525852,4.937312295525852,0.0,0.0,0.0,0.0,0.0,0.0,0.0,0.0,0.0,0.0,0.0,0.0,0.0,0.0,0.0,0.0,0.0,0.0,0.0,0.0,0.0,0.0,0.0,0.0,0.0,0.0,0.0,0.0,0.0,0.0,0.0,0.0,0.0,0.0,0.0,0.0,0.0,0.0,0.0,0.0,0.0,0.0,0.0,0.0,0.0,0.0,0.0,0.0,0.0,0.0,0.0,0.0,0.0,0.0,0.0,0.0,0.0,0.0,0.0,0.0,0.0,0.0,0.0,-0.28079834971577816,-0.28079834971577816,-0.28079834971577816,-0.3019424289943782,-0.3019424289943782,-0.3019424289943782,0.0,0.0,0.0,0.00694228131077252,0.00694228131077252,0.00694228131077252,-0.028086360589372535,-0.028086360589372535,-0.028086360589372535,0.0,0.0,0.0,3.4465282283109673
264,2022-11-22,4.934194435476615,-2.4004772125599594,7.291516118751001,4.934194435476615,4.934194435476615,0.0,0.0,0.0,0.0,0.0,0.0,0.0,0.0,0.0,0.0,0.0,0.0,0.0,0.0,0.0,0.0,0.0,0.0,0.0,0.0,0.0,0.0,0.0,0.0,0.0,0.0,0.0,0.0,0.0,0.0,0.0,0.0,0.0,0.0,0.0,0.0,0.0,0.0,0.0,0.0,0.0,0.0,0.0,0.0,0.0,0.0,0.0,0.0,0.0,0.0,0.0,0.0,0.0,0.0,0.0,0.0,0.0,0.0,0.0,0.0,0.0,0.0,0.0,-0.2781670408174965,-0.2781670408174965,-0.2781670408174965,-0.5055669428893834,-0.5055669428893834,-0.5055669428893834,0.0,0.0,0.0,-0.21143278688903,-0.21143278688903,-0.21143278688903,-0.01596711518285684,-0.01596711518285684,-0.01596711518285684,0.0,0.0,0.0,2.439628839110896
265,2022-11-23,4.931076575427379,-1.3002324185215997,8.688273073817967,4.931076575427379,4.931076575427379,0.0,0.0,0.0,0.0,0.0,0.0,0.0,0.0,0.0,0.0,0.0,0.0,0.0,0.0,0.0,0.0,0.0,0.0,0.0,0.0,0.0,0.0,0.0,0.0,0.0,0.0,0.0,0.0,0.0,0.0,0.0,0.0,0.0,0.0,0.0,0.0,0.0,0.0,0.0,0.0,0.0,0.0,0.0,0.0,0.0,0.0,0.0,0.0,0.0,0.0,0.0,0.0,0.0,0.0,0.0,0.0,0.0,0.0,0.0,0.0,0.0,0.0,0.0,-0.17931859058138855,-0.17931859058138855,-0.17931859058138855,-0.2233453120745674,-0.2233453120745674,-0.2233453120745674,0.0,0.0,0.0,-0.03884875229819271,-0.03884875229819271,-0.03884875229819271,-0.005177969194986146,-0.005177969194986146,-0.005177969194986146,0.0,0.0,0.0,3.8297437388249613
266,2022-11-24,4.927958715378143,-0.5887310977158188,8.795026317786519,4.927958715378143,4.927958715378143,0.0,0.0,0.0,0.0,0.0,0.0,0.0,0.0,0.0,0.0,0.0,0.0,0.0,0.0,0.0,0.0,0.0,0.0,0.0,0.0,0.0,0.0,0.0,0.0,0.0,0.0,0.0,0.0,0.0,0.0,0.0,0.0,0.0,0.0,0.0,0.0,0.0,0.0,0.0,0.0,0.0,0.0,0.0,0.0,0.0,0.0,0.0,0.0,0.0,0.0,0.0,0.0,0.0,0.0,0.0,0.0,0.0,0.0,0.0,0.0,0.0,0.0,0.0,-0.04681707593877206,-0.04681707593877206,-0.04681707593877206,-0.13010033513916125,-0.13010033513916125,-0.13010033513916125,0.0,0.0,0.0,-0.08723340000009104,-0.08723340000009104,-0.08723340000009104,0.003950140799701864,0.003950140799701864,0.003950140799701864,0.0,0.0,0.0,4.286829634955496
267,2022-11-25,4.924840855328906,0.5547949993137845,10.461426052499807,4.924840855328906,4.924840855328906,0.0,0.0,0.0,0.0,0.0,0.0,0.0,0.0,0.0,0.0,0.0,0.0,0.0,0.0,0.0,0.0,0.0,0.0,0.0,0.0,0.0,0.0,0.0,0.0,0.0,0.0,0.0,0.0,0.0,0.0,0.0,0.0,0.0,0.0,0.0,0.0,0.0,0.0,0.0,0.0,0.0,0.0,0.0,0.0,0.0,0.0,0.0,0.0,0.0,0.0,0.0,0.0,0.0,0.0,0.0,0.0,0.0,0.0,0.0,0.0,0.0,0.0,0.0,0.05245961229876525,0.05245961229876525,0.05245961229876525,0.10159422012601466,0.10159422012601466,0.10159422012601466,0.0,0.0,0.0,0.03800761354475972,0.03800761354475972,0.03800761354475972,0.011126994282489668,0.011126994282489668,0.011126994282489668,0.0,0.0,0.0,5.425176221270782
268,2022-11-26,4.921722995279669,1.0638153645618529,10.670659351871553,4.921722995279669,4.921722995279669,0.0,0.0,0.0,0.0,0.0,0.0,0.0,0.0,0.0,0.0,0.0,0.0,0.0,0.0,0.0,0.0,0.0,0.0,0.0,0.0,0.0,0.0,0.0,0.0,0.0,0.0,0.0,0.0,0.0,0.0,0.0,0.0,0.0,0.0,0.0,0.0,0.0,0.0,0.0,0.0,0.0,0.0,0.0,0.0,0.0,0.0,0.0,0.0,0.0,0.0,0.0,0.0,0.0,0.0,0.0,0.0,0.0,0.0,0.0,0.0,0.0,0.0,0.0,0.09409355822687303,0.09409355822687303,0.09409355822687303,0.23197875826428618,0.23197875826428618,0.23197875826428618,0.0,0.0,0.0,0.12177374593624424,0.12177374593624424,0.12177374593624424,0.016111454101168925,0.016111454101168925,0.016111454101168925,0.0,0.0,0.0,6.06345818424543
269,2022-11-29,4.91236941513196,-0.4665626492083932,9.581976268049752,4.91236941513196,4.91236941513196,0.0,0.0,0.0,0.0,0.0,0.0,0.0,0.0,0.0,0.0,0.0,0.0,0.0,0.0,0.0,0.0,0.0,0.0,0.0,0.0,0.0,0.0,0.0,0.0,0.0,0.0,0.0,0.0,0.0,0.0,0.0,0.0,0.0,0.0,0.0,0.0,0.0,0.0,0.0,0.0,0.0,0.0,0.0,0.0,0.0,0.0,0.0,0.0,0.0,0.0,0.0,0.0,0.0,0.0,0.0,0.0,0.0,0.0,0.0,0.0,0.0,0.0,0.0,0.1492249499176244,0.1492249499176244,0.1492249499176244,-0.04583131708002225,-0.04583131708002225,-0.04583131708002225,0.0,0.0,0.0,-0.2114327868890884,-0.2114327868890884,-0.2114327868890884,0.016376519891441725,0.016376519891441725,0.016376519891441725,0.0,0.0,0.0,4.6872290548528435
270,2022-12-01,4.906133695033487,0.8133539868775999,10.265041501233188,4.906133695033487,4.906133695033487,0.0,0.0,0.0,0.0,0.0,0.0,0.0,0.0,0.0,0.0,0.0,0.0,0.0,0.0,0.0,0.0,0.0,0.0,0.0,0.0,0.0,0.0,0.0,0.0,0.0,0.0,0.0,0.0,0.0,0.0,0.0,0.0,0.0,0.0,0.0,0.0,0.0,0.0,0.0,0.0,0.0,0.0,0.0,0.0,0.0,0.0,0.0,0.0,0.0,0.0,0.0,0.0,0.0,0.0,0.0,0.0,0.0,0.0,0.0,0.0,0.0,0.0,0.0,0.21797369908286285,0.21797369908286285,0.21797369908286285,0.1346686459863695,0.1346686459863695,0.1346686459863695,0.0,0.0,0.0,-0.08723340000004771,-0.08723340000004771,-0.08723340000004771,0.003928346903554345,0.003928346903554345,0.003928346903554345,0.0,0.0,0.0,5.566836076771751
271,2022-12-03,4.899897974935014,1.722186239026163,11.535221339507068,4.899897974935014,4.899897974935014,0.0,0.0,0.0,0.0,0.0,0.0,0.0,0.0,0.0,0.0,0.0,0.0,0.0,0.0,0.0,0.0,0.0,0.0,0.0,0.0,0.0,0.0,0.0,0.0,0.0,0.0,0.0,0.0,0.0,0.0,0.0,0.0,0.0,0.0,0.0,0.0,0.0,0.0,0.0,0.0,0.0,0.0,0.0,0.0,0.0,0.0,0.0,0.0,0.0,0.0,0.0,0.0,0.0,0.0,0.0,0.0,0.0,0.0,0.0,0.0,0.0,0.0,0.0,0.2003976078865455,0.2003976078865455,0.2003976078865455,0.3044752668212955,0.3044752668212955,0.3044752668212955,0.0,0.0,0.0,0.12177374593605551,0.12177374593605551,0.12177374593605551,-0.01769608700130555,-0.01769608700130555,-0.01769608700130555,0.0,0.0,0.0,6.391795718250478
272,2022-12-06,4.890544394787304,-1.101467869673474,8.0505402258077,4.890544394787304,4.890544394787304,0.0,0.0,0.0,0.0,0.0,0.0,0.0,0.0,0.0,0.0,0.0,0.0,0.0,0.0,0.0,0.0,0.0,0.0,0.0,0.0,0.0,0.0,0.0,0.0,0.0,0.0,0.0,0.0,0.0,0.0,0.0,0.0,0.0,0.0,0.0,0.0,0.0,0.0,0.0,0.0,0.0,0.0,0.0,0.0,0.0,0.0,0.0,0.0,0.0,0.0,0.0,0.0,0.0,0.0,0.0,0.0,0.0,0.0,0.0,0.0,0.0,0.0,0.0,0.03152332081680218,0.03152332081680218,0.03152332081680218,-0.2426875056787084,-0.2426875056787084,-0.2426875056787084,0.0,0.0,0.0,-0.21143278688893846,-0.21143278688893846,-0.21143278688893846,-0.06277803960657208,-0.06277803960657208,-0.06277803960657208,0.0,0.0,0.0,3.703670374205385
273,2022-12-07,4.887426534738068,-0.8812239540295113,8.773609714502859,4.887426534738068,4.887426534738068,0.0,0.0,0.0,0.0,0.0,0.0,0.0,0.0,0.0,0.0,0.0,0.0,0.0,0.0,0.0,0.0,0.0,0.0,0.0,0.0,0.0,0.0,0.0,0.0,0.0,0.0,0.0,0.0,0.0,0.0,0.0,0.0,0.0,0.0,0.0,0.0,0.0,0.0,0.0,0.0,0.0,0.0,0.0,0.0,0.0,0.0,0.0,0.0,0.0,0.0,0.0,0.0,0.0,0.0,0.0,0.0,0.0,0.0,0.0,0.0,0.0,0.0,0.0,-0.07984204877352963,-0.07984204877352963,-0.07984204877352963,-0.1984012790566425,-0.1984012790566425,-0.1984012790566425,0.0,0.0,0.0,-0.038848752298025285,-0.038848752298025285,-0.038848752298025285,-0.07971047798508754,-0.07971047798508754,-0.07971047798508754,0.0,0.0,0.0,3.917754858950661
274,2022-12-08,4.884308674688832,-1.7096855551504522,8.030966199285828,4.884308674688832,4.884308674688832,0.0,0.0,0.0,0.0,0.0,0.0,0.0,0.0,0.0,0.0,0.0,0.0,0.0,0.0,0.0,0.0,0.0,0.0,0.0,0.0,0.0,0.0,0.0,0.0,0.0,0.0,0.0,0.0,0.0,0.0,0.0,0.0,0.0,0.0,0.0,0.0,0.0,0.0,0.0,0.0,0.0,0.0,0.0,0.0,0.0,0.0,0.0,0.0,0.0,0.0,0.0,0.0,0.0,0.0,0.0,0.0,0.0,0.0,0.0,0.0,0.0,0.0,0.0,-0.1801153685269698,-0.1801153685269698,-0.1801153685269698,-0.3642215565298108,-0.3642215565298108,-0.3642215565298108,0.0,0.0,0.0,-0.08723340000000439,-0.08723340000000439,-0.08723340000000439,-0.09687278800283658,-0.09687278800283658,-0.09687278800283658,0.0,0.0,0.0,3.105338166621608
275,2022-12-09,4.881190814639595,-1.634749770366557,8.532342534427526,4.881190814639595,4.881190814639595,0.0,0.0,0.0,0.0,0.0,0.0,0.0,0.0,0.0,0.0,0.0,0.0,0.0,0.0,0.0,0.0,0.0,0.0,0.0,0.0,0.0,0.0,0.0,0.0,0.0,0.0,0.0,0.0,0.0,0.0,0.0,0.0,0.0,0.0,0.0,0.0,0.0,0.0,0.0,0.0,0.0,0.0,0.0,0.0,0.0,0.0,0.0,0.0,0.0,0.0,0.0,0.0,0.0,0.0,0.0,0.0,0.0,0.0,0.0,0.0,0.0,0.0,0.0,-0.22308614253864772,-0.22308614253864772,-0.22308614253864772,-0.2988770379673649,-0.2988770379673649,-0.2988770379673649,0.0,0.0,0.0,0.03800761354439802,0.03800761354439802,0.03800761354439802,-0.11379850897311526,-0.11379850897311526,-0.11379850897311526,0.0,0.0,0.0,3.4223149622066042
276,2022-12-15,4.862483654344177,-1.351850584778217,8.059540657169787,4.862483654344177,4.862483654344177,0.0,0.0,0.0,0.0,0.0,0.0,0.0,0.0,0.0,0.0,0.0,0.0,0.0,0.0,0.0,0.0,0.0,0.0,0.0,0.0,0.0,0.0,0.0,0.0,0.0,0.0,0.0,0.0,0.0,0.0,0.0,0.0,0.0,0.0,0.0,0.0,0.0,0.0,0.0,0.0,0.0,0.0,0.0,0.0,0.0,0.0,0.0,0.0,0.0,0.0,0.0,0.0,0.0,0.0,0.0,0.0,0.0,0.0,0.0,0.0,0.0,0.0,0.0,-0.019569135376804207,-0.019569135376804207,-0.019569135376804207,-0.2918018620109453,-0.2918018620109453,-0.2918018620109453,0.0,0.0,0.0,-0.0872333999998838,-0.0872333999998838,-0.0872333999998838,-0.18499932663425728,-0.18499932663425728,-0.18499932663425728,0.0,0.0,0.0,3.4436018700087607
277,2022-12-21,4.8437764940487575,-2.1970007553796096,7.597270234496008,4.8437764940487575,4.8437764940487575,0.0,0.0,0.0,0.0,0.0,0.0,0.0,0.0,0.0,0.0,0.0,0.0,0.0,0.0,0.0,0.0,0.0,0.0,0.0,0.0,0.0,0.0,0.0,0.0,0.0,0.0,0.0,0.0,0.0,0.0,0.0,0.0,0.0,0.0,0.0,0.0,0.0,0.0,0.0,0.0,0.0,0.0,0.0,0.0,0.0,0.0,0.0,0.0,0.0,0.0,0.0,0.0,0.0,0.0,0.0,0.0,0.0,0.0,0.0,0.0,0.0216225,0.0216225,0.0216225,-0.24093845257481164,-0.24093845257481164,-0.24093845257481164,-0.41258707410785045,-0.41258707410785045,-0.41258707410785045,0.0216225,0.0216225,0.0216225,-0.03884875229789564,-0.03884875229789564,-0.03884875229789564,-0.15442236923514321,-0.15442236923514321,-0.15442236923514321,0.0,0.0,0.0,2.845296922736799
278,2022-12-23,4.837540773950285,-1.4148679283255128,8.286288028209835,4.837540773950285,4.837540773950285,0.0,0.0,0.0,0.0,0.0,0.0,0.0,0.0,0.0,0.0,0.0,0.0,0.0,0.0,0.0,0.0,0.0,0.0,0.0,0.0,0.0,0.0,0.0,0.0,0.0,0.0,0.0,0.0,0.0,0.0,0.0,0.0,0.0,0.0,0.0,0.0,0.0,0.0,0.0,0.0,0.0,0.0,0.0,0.0,0.0,0.0,0.0,0.0,0.0,0.0,0.0,0.0,0.0,0.0,0.0,0.0,0.0,0.0,0.0,0.0,0.0216225,0.0216225,0.0216225,-0.237663569717949,-0.237663569717949,-0.237663569717949,-0.29671481510631076,-0.29671481510631076,-0.29671481510631076,0.0216225,0.0216225,0.0216225,0.03800761354468707,0.03800761354468707,0.03800761354468707,-0.11868135893304879,-0.11868135893304879,-0.11868135893304879,0.0,0.0,0.0,3.4021707576383866
279,2022-12-24,4.834422913901048,-0.2572306194151385,9.387148995066926,4.834422913901048,4.834422913901048,0.0,0.0,0.0,0.0,0.0,0.0,0.0,0.0,0.0,0.0,0.0,0.0,0.0,0.0,0.0,0.0,0.0,0.0,0.0,0.0,0.0,0.0,0.0,0.0,0.0,0.0,0.0,0.0,0.0,0.0,0.0,0.0,0.0,0.0,0.0,0.0,0.0,0.0,0.0,0.0,0.0,0.0,0.0,0.0,0.0,0.0,0.0,0.0,0.0,0.0,0.0,0.0,0.0,0.0,0.0,0.0,0.0,0.0,0.0,0.0,0.0,0.0,0.0,-0.11250446745828377,-0.11250446745828377,-0.11250446745828377,-0.08768016377377684,-0.08768016377377684,-0.08768016377377684,0.0,0.0,0.0,0.12177374593625555,0.12177374593625555,0.12177374593625555,-0.0969494422517486,-0.0969494422517486,-0.0969494422517486,0.0,0.0,0.0,4.410539921058505
280,2022-12-26,4.8281871938025755,0.1507906216129942,9.99588321955218,4.8281871938025755,4.8281871938025755,0.0,0.0,0.0,0.0,0.0,0.0,0.0,0.0,0.0,0.0,0.0,0.0,0.0,0.0,0.0,0.0,0.0,0.0,0.0,0.0,0.0,0.0,0.0,0.0,0.0,0.0,0.0,0.0,0.0,0.0,0.0,0.0,0.0,0.0,0.0,0.0,0.0,0.0,0.0,0.0,0.0,0.0,0.0,0.0,0.0,0.0,0.0,0.0,0.0,0.0,0.0,0.0,0.0,0.0,0.0,0.0,0.0,0.0,0.0,0.0,0.0,0.0,0.0,0.0798615402506673,0.0798615402506673,0.0798615402506673,0.039044548783091826,0.039044548783091826,0.039044548783091826,0.0,0.0,0.0,0.006942281310907263,0.006942281310907263,0.006942281310907263,-0.047759272778482756,-0.047759272778482756,-0.047759272778482756,0.0,0.0,0.0,5.0167015842249
281,2022-12-27,4.825069333753339,-0.16219888667525528,8.879310836940114,4.825069333753339,4.825069333753339,0.0,0.0,0.0,0.0,0.0,0.0,0.0,0.0,0.0,0.0,0.0,0.0,0.0,0.0,0.0,0.0,0.0,0.0,0.0,0.0,0.0,0.0,0.0,0.0,0.0,0.0,0.0,0.0,0.0,0.0,0.0,0.0,0.0,0.0,0.0,0.0,0.0,0.0,0.0,0.0,0.0,0.0,0.0,0.0,0.0,0.0,0.0,0.0,0.0,0.0,0.0,0.0,0.0,0.0,0.0,0.0,0.0,0.0,0.0,0.0,0.0,0.0,0.0,0.09961754826397182,0.09961754826397182,0.09961754826397182,-0.13307393290740835,-0.13307393290740835,-0.13307393290740835,0.0,0.0,0.0,-0.21143278688905323,-0.21143278688905323,-0.21143278688905323,-0.021258694282326965,-0.021258694282326965,-0.021258694282326965,0.0,0.0,0.0,4.182978380959853
282,2022-12-30,4.815715753605629,1.1312675543098014,10.986924119310608,4.815715753605629,4.815715753605629,0.0,0.0,0.0,0.0,0.0,0.0,0.0,0.0,0.0,0.0,0.0,0.0,0.0,0.0,0.0,0.0,0.0,0.0,0.0,0.0,0.0,0.0,0.0,0.0,0.0,0.0,0.0,0.0,0.0,0.0,0.0,0.0,0.0,0.0,0.0,0.0,0.0,0.0,0.0,0.0,0.0,0.0,0.0,0.0,0.0,0.0,0.0,0.0,0.0,0.0,0.0,0.0,0.0,0.0,0.0,0.0,0.0,0.0,0.0,0.0,0.0,0.0,0.0,0.17104922689145752,0.17104922689145752,0.17104922689145752,0.2684650623915852,0.2684650623915852,0.2684650623915852,0.0,0.0,0.0,0.038007613544396024,0.038007613544396024,0.038007613544396024,0.05940822195573168,0.05940822195573168,0.05940822195573168,0.0,0.0,0.0,6.108567183857504
283,2022-12-31,4.812597893556393,2.043517500062107,11.620343779518077,4.812597893556393,4.812597893556393,0.0,0.0,0.0,0.0,0.0,0.0,0.0,0.0,0.0,0.0,0.0,0.0,0.0,0.0,0.0,0.0,0.0,0.0,0.0,0.0,0.0,0.0,0.0,0.0,0.0,0.0,0.0,0.0,0.0,0.0,0.0,0.0,0.0,0.0,0.0,0.0,0.0,0.0,0.0,0.0,0.0,0.0,0.0,0.0,0.0,0.0,0.0,0.0,0.0,0.0,0.0,0.0,0.0,0.0,0.0,0.0,0.0,0.0,0.0,0.0,0.0,0.0,0.0,0.2078955073390999,0.2078955073390999,0.2078955073390999,0.41447684806450863,0.41447684806450863,0.41447684806450863,0.0,0.0,0.0,0.12177374593585974,0.12177374593585974,0.12177374593585974,0.08480759478954905,0.08480759478954905,0.08480759478954905,0.0,0.0,0.0,6.80730829947954
284,2023-01-01,4.809480033507157,2.6531519282793288,12.155095366458195,4.809480033507157,4.809480033507157,0.0,0.0,0.0,0.0,0.0,0.0,0.0,0.0,0.0,0.0,0.0,0.0,0.0,0.0,0.0,0.0,0.0,0.0,0.0,0.0,0.0,0.0,0.0,0.0,0.0,0.0,0.0,0.0,0.0,0.0,0.0,0.0,0.0,0.0,0.0,0.0,0.0,0.0,0.0,0.0,0.0,0.0,0.0,0.0,0.0,0.0,0.0,0.0,0.0,0.0,0.0,0.0,0.0,0.0,0.0,0.0,0.0,0.0,0.0,0.0,0.0,0.0,0.0,0.2213221333208136,0.2213221333208136,0.2213221333208136,0.5006513059697651,0.5006513059697651,0.5006513059697651,0.0,0.0,0.0,0.17079129839536622,0.17079129839536622,0.17079129839536622,0.10853787425358524,0.10853787425358524,0.10853787425358524,0.0,0.0,0.0,7.217352493318024
285,2023-01-02,4.80636217345792,2.0544925419300566,11.043752599658522,4.80636217345792,4.80636217345792,0.0,0.0,0.0,0.0,0.0,0.0,0.0,0.0,0.0,0.0,0.0,0.0,0.0,0.0,0.0,0.0,0.0,0.0,0.0,0.0,0.0,0.0,0.0,0.0,0.0,0.0,0.0,0.0,0.0,0.0,0.0,0.0,0.0,0.0,0.0,0.0,0.0,0.0,0.0,0.0,0.0,0.0,0.0,0.0,0.0,0.0,0.0,0.0,0.0,0.0,0.0,0.0,0.0,0.0,0.0,0.0,0.0,0.0,0.0,0.0,0.0,0.0,0.0,0.2112450294145329,0.2112450294145329,0.2112450294145329,0.34826723456019837,0.34826723456019837,0.34826723456019837,0.0,0.0,0.0,0.006942281310472965,0.006942281310472965,0.006942281310472965,0.13007992383519254,0.13007992383519254,0.13007992383519254,0.0,0.0,0.0,6.480260635902853
286,2023-01-03,4.803244313408683,0.581259815695799,10.232571352453034,4.803244313408683,4.803244313408683,0.0,0.0,0.0,0.0,0.0,0.0,0.0,0.0,0.0,0.0,0.0,0.0,0.0,0.0,0.0,0.0,0.0,0.0,0.0,0.0,0.0,0.0,0.0,0.0,0.0,0.0,0.0,0.0,0.0,0.0,0.0,0.0,0.0,0.0,0.0,0.0,0.0,0.0,0.0,0.0,0.0,0.0,0.0,0.0,0.0,0.0,0.0,0.0,0.0,0.0,0.0,0.0,0.0,0.0,0.0,0.0,0.0,0.0,0.0,0.0,0.0,0.0,0.0,0.18657595001157679,0.18657595001157679,0.18657595001157679,0.12409825504068381,0.12409825504068381,0.12409825504068381,0.0,0.0,0.0,-0.21143278688890332,-0.21143278688890332,-0.21143278688890332,0.14895509191801026,0.14895509191801026,0.14895509191801026,0.0,0.0,0.0,5.399318551236788
287,2023-01-04,4.800126453359447,1.1477505662195226,10.9873465498918,4.800126453359447,4.800126453359447,0.0,0.0,0.0,0.0,0.0,0.0,0.0,0.0,0.0,0.0,0.0,0.0,0.0,0.0,0.0,0.0,0.0,0.0,0.0,0.0,0.0,0.0,0.0,0.0,0.0,0.0,0.0,0.0,0.0,0.0,0.0,0.0,0.0,0.0,0.0,0.0,0.0,0.0,0.0,0.0,0.0,0.0,0.0,0.0,0.0,0.0,0.0,0.0,0.0,0.0,0.0,0.0,0.0,0.0,0.0,0.0,0.0,0.0,0.0,0.0,0.0,0.0,0.0,0.14663107037356404,0.14663107037356404,0.14663107037356404,0.27251842931228254,0.27251842931228254,0.27251842931228254,0.0,0.0,0.0,-0.038848752297766014,-0.038848752297766014,-0.038848752297766014,0.16473611123648446,0.16473611123648446,0.16473611123648446,0.0,0.0,0.0,6.108249374929301
288,2023-01-05,4.79700859331021,0.7424224887703297,10.621640825665713,4.79700859331021,4.79700859331021,0.0,0.0,0.0,0.0,0.0,0.0,0.0,0.0,0.0,0.0,0.0,0.0,0.0,0.0,0.0,0.0,0.0,0.0,0.0,0.0,0.0,0.0,0.0,0.0,0.0,0.0,0.0,0.0,0.0,0.0,0.0,0.0,0.0,0.0,0.0,0.0,0.0,0.0,0.0,0.0,0.0,0.0,0.0,0.0,0.0,0.0,0.0,0.0,0.0,0.0,0.0,0.0,0.0,0.0,0.0,0.0,0.0,0.0,0.0,0.0,0.0,0.0,0.0,0.07865461494226374,0.07865461494226374,0.07865461494226374,0.16847800750756659,0.16847800750756659,0.16847800750756659,0.0,0.0,0.0,-0.08723340000009708,-0.08723340000009708,-0.08723340000009708,0.1770567925653999,0.1770567925653999,0.1770567925653999,0.0,0.0,0.0,5.605199043107788
289,2023-01-06,4.793890733260974,1.0057905519716321,10.367789108391083,4.793890733260974,4.793890733260974,0.0,0.0,0.0,0.0,0.0,0.0,0.0,0.0,0.0,0.0,0.0,0.0,0.0,0.0,0.0,0.0,0.0,0.0,0.0,0.0,0.0,0.0,0.0,0.0,0.0,0.0,0.0,0.0,0.0,0.0,0.0,0.0,0.0,0.0,0.0,0.0,0.0,0.0,0.0,0.0,0.0,0.0,0.0,0.0,0.0,0.0,0.0,0.0,0.0,0.0,0.0,0.0,0.0,0.0,0.0,0.0,0.0,0.0,0.0,0.0,0.0,0.0,0.0,-0.02262495208558303,-0.02262495208558303,-0.02262495208558303,0.20100293855205015,0.20100293855205015,0.20100293855205015,0.0,0.0,0.0,0.03800761354468572,0.03800761354468572,0.03800761354468572,0.18562027709294748,0.18562027709294748,0.18562027709294748,0.0,0.0,0.0,5.757476857743872
290,2023-01-07,4.790772873211737,0.6531025210730588,10.550359850757285,4.790772873211737,4.790772873211737,0.0,0.0,0.0,0.0,0.0,0.0,0.0,0.0,0.0,0.0,0.0,0.0,0.0,0.0,0.0,0.0,0.0,0.0,0.0,0.0,0.0,0.0,0.0,0.0,0.0,0.0,0.0,0.0,0.0,0.0,0.0,0.0,0.0,0.0,0.0,0.0,0.0,0.0,0.0,0.0,0.0,0.0,0.0,0.0,0.0,0.0,0.0,0.0,0.0,0.0,0.0,0.0,0.0,0.0,0.0,0.0,0.0,0.0,0.0,0.0,0.0,0.0,0.0,-0.13446985157279345,-0.13446985157279345,-0.13446985157279345,0.17750954254988877,0.17750954254988877,0.17750954254988877,0.0,0.0,0.0,0.1217737459360541,0.1217737459360541,0.1217737459360541,0.19020564818662816,0.19020564818662816,0.19020564818662816,0.0,0.0,0.0,5.641180774395969
291,2023-01-08,4.787655013162501,0.627311415035351,10.384749998498156,4.787655013162501,4.787655013162501,0.0,0.0,0.0,0.0,0.0,0.0,0.0,0.0,0.0,0.0,0.0,0.0,0.0,0.0,0.0,0.0,0.0,0.0,0.0,0.0,0.0,0.0,0.0,0.0,0.0,0.0,0.0,0.0,0.0,0.0,0.0,0.0,0.0,0.0,0.0,0.0,0.0,0.0,0.0,0.0,0.0,0.0,0.0,0.0,0.0,0.0,0.0,0.0,0.0,0.0,0.0,0.0,0.0,0.0,0.0,0.0,0.0,0.0,0.0,0.0,0.0,0.0,0.0,-0.2109598831792936,-0.2109598831792936,-0.2109598831792936,0.15050415982177723,0.15050415982177723,0.15050415982177723,0.0,0.0,0.0,0.17079129839560056,0.17079129839560056,0.17079129839560056,0.1906727446054703,0.1906727446054703,0.1906727446054703,0.0,0.0,0.0,5.508217008435044
292,2023-01-09,4.7845371531132646,-0.5323151221753019,9.59273231924163,4.7845371531132646,4.7845371531132646,0.0,0.0,0.0,0.0,0.0,0.0,0.0,0.0,0.0,0.0,0.0,0.0,0.0,0.0,0.0,0.0,0.0,0.0,0.0,0.0,0.0,0.0,0.0,0.0,0.0,0.0,0.0,0.0,0.0,0.0,0.0,0.0,0.0,0.0,0.0,0.0,0.0,0.0,0.0,0.0,0.0,0.0,0.0,0.0,0.0,0.0,0.0,0.0,0.0,0.0,0.0,0.0,0.0,0.0,0.0,0.0,0.0,0.0,0.0,0.0,0.0,0.0,0.0,-0.2154793250080157,-0.2154793250080157,-0.2154793250080157,-0.021571981159430414,-0.021571981159430414,-0.021571981159430414,0.0,0.0,0.0,0.006942281310376195,0.006942281310376195,0.006942281310376195,0.1869650625382091,0.1869650625382091,0.1869650625382091,0.0,0.0,0.0,4.681325207789711
293,2023-01-10,4.781419293064028,-0.6677263929192878,8.763267503006931,4.781419258798251,4.781419377225229,0.0,0.0,0.0,0.0,0.0,0.0,0.0,0.0,0.0,0.0,0.0,0.0,0.0,0.0,0.0,0.0,0.0,0.0,0.0,0.0,0.0,0.0,0.0,0.0,0.0,0.0,0.0,0.0,0.0,0.0,0.0,0.0,0.0,0.0,0.0,0.0,0.0,0.0,0.0,0.0,0.0,0.0,0.0,0.0,0.0,0.0,0.0,0.0,0.0,0.0,0.0,0.0,0.0,0.0,0.0,0.0,0.0,0.0,0.0,0.0,0.0,0.0,0.0,-0.15313384457808346,-0.15313384457808346,-0.15313384457808346,-0.18545594944874794,-0.18545594944874794,-0.18545594944874794,0.0,0.0,0.0,-0.21143278688917,-0.21143278688917,-0.21143278688917,0.1791106820185055,0.1791106820185055,0.1791106820185055,0.0,0.0,0.0,3.894676638356277
294,2023-01-11,4.778301433014792,0.18003352701290218,9.791745853164231,4.778301212573299,4.778301821944461,0.0,0.0,0.0,0.0,0.0,0.0,0.0,0.0,0.0,0.0,0.0,0.0,0.0,0.0,0.0,0.0,0.0,0.0,0.0,0.0,0.0,0.0,0.0,0.0,0.0,0.0,0.0,0.0,0.0,0.0,0.0,0.0,0.0,0.0,0.0,0.0,0.0,0.0,0.0,0.0,0.0,0.0,0.0,0.0,0.0,0.0,0.0,0.0,0.0,0.0,0.0,0.0,0.0,0.0,0.0,0.0,0.0,0.0,0.0,0.0,0.0,0.0,0.0,-0.07068092754888738,-0.07068092754888738,-0.07068092754888738,0.05769152316485317,0.05769152316485317,0.05769152316485317,0.0,0.0,0.0,-0.03884875229805812,-0.03884875229805812,-0.03884875229805812,0.1672212030117987,0.1672212030117987,0.1672212030117987,0.0,0.0,0.0,5.0539689208262155
295,2023-01-12,4.775183572965556,-0.06606378751675314,9.565136243081323,4.775183187784466,4.775184218761814,0.0,0.0,0.0,0.0,0.0,0.0,0.0,0.0,0.0,0.0,0.0,0.0,0.0,0.0,0.0,0.0,0.0,0.0,0.0,0.0,0.0,0.0,0.0,0.0,0.0,0.0,0.0,0.0,0.0,0.0,0.0,0.0,0.0,0.0,0.0,0.0,0.0,0.0,0.0,0.0,0.0,0.0,0.0,0.0,0.0,0.0,0.0,0.0,0.0,0.0,0.0,0.0,0.0,0.0,0.0,0.0,0.0,0.0,0.0,0.0,0.0,0.0,0.0,-0.01974961292539154,-0.01974961292539154,-0.01974961292539154,0.04450571358871519,0.04450571358871519,0.04450571358871519,0.0,0.0,0.0,-0.08723339999991357,-0.08723339999991357,-0.08723339999991357,0.1514887265140203,0.1514887265140203,0.1514887265140203,0.0,0.0,0.0,4.987706525397499
296,2023-01-13,4.772065712916318,0.5493491138453029,10.180079776306965,4.772065042742219,4.772066614922806,0.0,0.0,0.0,0.0,0.0,0.0,0.0,0.0,0.0,0.0,0.0,0.0,0.0,0.0,0.0,0.0,0.0,0.0,0.0,0.0,0.0,0.0,0.0,0.0,0.0,0.0,0.0,0.0,0.0,0.0,0.0,0.0,0.0,0.0,0.0,0.0,0.0,0.0,0.0,0.0,0.0,0.0,0.0,0.0,0.0,0.0,0.0,0.0,0.0,0.0,0.0,0.0,0.0,0.0,0.0,0.0,0.0,0.0,0.0,0.0,0.0,0.0,0.0,-0.014633738774607441,-0.014633738774607441,-0.014633738774607441,0.15555483982053675,0.15555483982053675,0.15555483982053675,0.0,0.0,0.0,0.03800761354497543,0.03800761354497543,0.03800761354497543,0.13218096505016877,0.13218096505016877,0.13218096505016877,0.0,0.0,0.0,5.514383630502091
297,2023-01-14,4.768947852867083,0.8646891670353241,10.732012657828392,4.76894692636896,4.768949013592984,0.0,0.0,0.0,0.0,0.0,0.0,0.0,0.0,0.0,0.0,0.0,0.0,0.0,0.0,0.0,0.0,0.0,0.0,0.0,0.0,0.0,0.0,0.0,0.0,0.0,0.0,0.0,0.0,0.0,0.0,0.0,0.0,0.0,0.0,0.0,0.0,0.0,0.0,0.0,0.0,0.0,0.0,0.0,0.0,0.0,0.0,0.0,0.0,0.0,0.0,0.0,0.0,0.0,0.0,0.0,0.0,0.0,0.0,0.0,0.0,0.0,0.0,0.0,-0.023842019196728133,-0.023842019196728133,-0.023842019196728133,0.20756634047744318,0.20756634047744318,0.20756634047744318,0.0,0.0,0.0,0.12177374593586537,0.12177374593586537,0.12177374593586537,0.10963461373830594,0.10963461373830594,0.10963461373830594,0.0,0.0,0.0,5.7588209066144636
298,2023-01-15,4.765829992817846,0.8664914514157533,10.806486287832005,4.765828872213475,4.7658315096567705,0.0,0.0,0.0,0.0,0.0,0.0,0.0,0.0,0.0,0.0,0.0,0.0,0.0,0.0,0.0,0.0,0.0,0.0,0.0,0.0,0.0,0.0,0.0,0.0,0.0,0.0,0.0,0.0,0.0,0.0,0.0,0.0,0.0,0.0,0.0,0.0,0.0,0.0,0.0,0.0,0.0,0.0,0.0,0.0,0.0,0.0,0.0,0.0,0.0,0.0,0.0,0.0,0.0,0.0,0.0,0.0,0.0,0.0,0.0,0.0,0.0,0.0,0.0,-0.004933904268088166,-0.004933904268088166,-0.004933904268088166,0.2501045505159294,0.2501045505159294,0.2501045505159294,0.0,0.0,0.0,0.17079129839543494,0.17079129839543494,0.17079129839543494,0.08424715638858263,0.08424715638858263,0.08424715638858263,0.0,0.0,0.0,5.957785761006888
299,2023-01-16,4.762712132768609,0.3829621001263209,10.259894943972116,4.762710825749936,4.762714043995966,0.0,0.0,0.0,0.0,0.0,0.0,0.0,0.0,0.0,0.0,0.0,0.0,0.0,0.0,0.0,0.0,0.0,0.0,0.0,0.0,0.0,0.0,0.0,0.0,0.0,0.0,0.0,0.0,0.0,0.0,0.0,0.0,0.0,0.0,0.0,0.0,0.0,0.0,0.0,0.0,0.0,0.0,0.0,0.0,0.0,0.0,0.0,0.0,0.0,0.0,0.0,0.0,0.0,0.0,0.0,0.0,0.0,0.0,0.0,0.0,0.0,0.0,0.0,0.04870561210136563,0.04870561210136563,0.04870561210136563,0.11211521322497052,0.11211521322497052,0.11211521322497052,0.0,0.0,0.0,0.006942281310898,0.006942281310898,0.006942281310898,0.056467319812706904,0.056467319812706904,0.056467319812706904,0.0,0.0,0.0,5.296684619063115
300,2023-01-17,4.759594272719373,-0.4246395719870979,9.232842965548901,4.759592831902758,4.759596600899424,0.0,0.0,0.0,0.0,0.0,0.0,0.0,0.0,0.0,0.0,0.0,0.0,0.0,0.0,0.0,0.0,0.0,0.0,0.0,0.0,0.0,0.0,0.0,0.0,0.0,0.0,0.0,0.0,0.0,0.0,0.0,0.0,0.0,0.0,0.0,0.0,0.0,0.0,0.0,0.0,0.0,0.0,0.0,0.0,0.0,0.0,0.0,0.0,0.0,0.0,0.0,0.0,0.0,0.0,0.0,0.0,0.0,0.0,0.0,0.0,0.0,0.0,0.0,0.09382005916257727,0.09382005916257727,0.09382005916257727,-0.09082830508946986,-0.09082830508946986,-0.09082830508946986,0.0,0.0,0.0,-0.21143278688902006,-0.21143278688902006,-0.21143278688902006,0.026784422636972945,0.026784422636972945,0.026784422636972945,0.0,0.0,0.0,4.327288392014725
301,2023-01-18,4.756476412670137,0.2461181314847555,9.461474268681481,4.75647476088031,4.756479284263527,0.0,0.0,0.0,0.0,0.0,0.0,0.0,0.0,0.0,0.0,0.0,0.0,0.0,0.0,0.0,0.0,0.0,0.0,0.0,0.0,0.0,0.0,0.0,0.0,0.0,0.0,0.0,0.0,0.0,0.0,0.0,0.0,0.0,0.0,0.0,0.0,0.0,0.0,0.0,0.0,0.0,0.0,0.0,0.0,0.0,0.0,0.0,0.0,0.0,0.0,0.0,0.0,0.0,0.0,0.0,0.0,0.0,0.0,0.0,0.0,0.0,0.0,0.0,0.07216814568978655,0.07216814568978655,0.07216814568978655,0.029036284971816706,0.029036284971816706,0.029036284971816706,0.0,0.0,0.0,-0.03884875229797444,-0.03884875229797444,-0.03884875229797444,-0.004283108419995416,-0.004283108419995416,-0.004283108419995416,0.0,0.0,0.0,4.894586817250151
302,2023-01-19,4.7533585526209,-1.1787428172069288,8.758513144420046,4.753356562249934,4.753361643058386,0.0,0.0,0.0,0.0,0.0,0.0,0.0,0.0,0.0,0.0,0.0,0.0,0.0,0.0,0.0,0.0,0.0,0.0,0.0,0.0,0.0,0.0,0.0,0.0,0.0,0.0,0.0,0.0,0.0,0.0,0.0,0.0,0.0,0.0,0.0,0.0,0.0,0.0,0.0,0.0,0.0,0.0,0.0,0.0,0.0,0.0,0.0,0.0,0.0,0.0,0.0,0.0,0.0,0.0,0.0,0.0,0.0,0.0,0.0,0.0,0.0,0.0,0.0,-0.03469833360028496,-0.03469833360028496,-0.03469833360028496,-0.1581314958975131,-0.1581314958975131,-0.1581314958975131,0.0,0.0,0.0,-0.0872334000000104,-0.0872334000000104,-0.0872334000000104,-0.03619976229721775,-0.03619976229721775,-0.03619976229721775,0.0,0.0,0.0,4.0017028541577195
303,2023-01-20,4.750240692571664,-1.1968576152165122,8.539312172747188,4.750238360441915,4.750244172647105,0.0,0.0,0.0,0.0,0.0,0.0,0.0,0.0,0.0,0.0,0.0,0.0,0.0,0.0,0.0,0.0,0.0,0.0,0.0,0.0,0.0,0.0,0.0,0.0,0.0,0.0,0.0,0.0,0.0,0.0,0.0,0.0,0.0,0.0,0.0,0.0,0.0,0.0,0.0,0.0,0.0,0.0,0.0,0.0,0.0,0.0,0.0,0.0,0.0,0.0,0.0,0.0,0.0,0.0,0.0,0.0,0.0,0.0,0.0,0.0,0.0,0.0,0.0,-0.18003629149620162,-0.18003629149620162,-0.18003629149620162,-0.21045388088546463,-0.21045388088546463,-0.21045388088546463,0.0,0.0,0.0,0.038007613544974755,0.038007613544974755,0.038007613544974755,-0.06842520293423783,-0.06842520293423783,-0.06842520293423783,0.0,0.0,0.0,3.7505341036799003
304,2023-01-21,4.747122832522427,-1.3184460822848791,8.363208837522707,4.747120099495107,4.747126783854209,0.0,0.0,0.0,0.0,0.0,0.0,0.0,0.0,0.0,0.0,0.0,0.0,0.0,0.0,0.0,0.0,0.0,0.0,0.0,0.0,0.0,0.0,0.0,0.0,0.0,0.0,0.0,0.0,0.0,0.0,0.0,0.0,0.0,0.0,0.0,0.0,0.0,0.0,0.0,0.0,0.0,0.0,0.0,0.0,0.0,0.0,0.0,0.0,0.0,0.0,0.0,0.0,0.0,0.0,0.0,0.0,0.0,0.0,0.0,0.0,0.0,0.0,0.0,-0.28079834971575685,-0.28079834971575685,-0.28079834971575685,-0.25945105954196257,-0.25945105954196257,-0.25945105954196257,0.0,0.0,0.0,0.12177374593644283,0.12177374593644283,0.12177374593644283,-0.10042645576264857,-0.10042645576264857,-0.10042645576264857,0.0,0.0,0.0,3.5154767838486407
305,2023-01-22,4.74400497247319,-1.716182097295388,8.578300597315383,4.7440016026787815,4.744009438382712,0.0,0.0,0.0,0.0,0.0,0.0,0.0,0.0,0.0,0.0,0.0,0.0,0.0,0.0,0.0,0.0,0.0,0.0,0.0,0.0,0.0,0.0,0.0,0.0,0.0,0.0,0.0,0.0,0.0,0.0,0.0,0.0,0.0,0.0,0.0,0.0,0.0,0.0,0.0,0.0,0.0,0.0,0.0,0.0,0.0,0.0,0.0,0.0,0.0,0.0,0.0,0.0,0.0,0.0,0.0,0.0,0.0,0.0,0.0,0.0,0.0,0.0,0.0,-0.2781670408175049,-0.2781670408175049,-0.2781670408175049,-0.23906545931354614,-0.23906545931354614,-0.23906545931354614,0.0,0.0,0.0,0.17079129839526935,0.17079129839526935,0.17079129839526935,-0.13168971689131068,-0.13168971689131068,-0.13168971689131068,0.0,0.0,0.0,3.60987724474314
306,2023-01-23,4.740887112423954,-1.3924994619335211,7.834914049305592,4.7408832742021385,4.740892176142262,0.0,0.0,0.0,0.0,0.0,0.0,0.0,0.0,0.0,0.0,0.0,0.0,0.0,0.0,0.0,0.0,0.0,0.0,0.0,0.0,0.0,0.0,0.0,0.0,0.0,0.0,0.0,0.0,0.0,0.0,0.0,0.0,0.0,0.0,0.0,0.0,0.0,0.0,0.0,0.0,0.0,0.0,0.0,0.0,0.0,0.0,0.0,0.0,0.0,0.0,0.0,0.0,0.0,0.0,0.0,0.0,0.0,0.0,0.0,0.0,0.0,0.0,0.0,-0.17931859058155344,-0.17931859058155344,-0.17931859058155344,-0.3341078016657076,-0.3341078016657076,-0.3341078016657076,0.0,0.0,0.0,0.006942281311138759,0.006942281311138759,0.006942281311138759,-0.16173149239529294,-0.16173149239529294,-0.16173149239529294,0.0,0.0,0.0,3.156919741346703
307,2023-01-24,4.737769252374717,-2.360601389199584,7.379310429749666,4.737764930077334,4.737775073221916,0.0,0.0,0.0,0.0,0.0,0.0,0.0,0.0,0.0,0.0,0.0,0.0,0.0,0.0,0.0,0.0,0.0,0.0,0.0,0.0,0.0,0.0,0.0,0.0,0.0,0.0,0.0,0.0,0.0,0.0,0.0,0.0,0.0,0.0,0.0,0.0,0.0,0.0,0.0,0.0,0.0,0.0,0.0,0.0,0.0,0.0,0.0,0.0,0.0,0.0,0.0,0.0,0.0,0.0,0.0,0.0,0.0,0.0,0.0,0.0,0.0,0.0,0.0,-0.046817075938782204,-0.046817075938782204,-0.046817075938782204,-0.4483586573604266,-0.4483586573604266,-0.4483586573604266,0.0,0.0,0.0,-0.21143278688887016,-0.21143278688887016,-0.21143278688887016,-0.19010879453277427,-0.19010879453277427,-0.19010879453277427,0.0,0.0,0.0,2.613549391496477
308,2023-01-25,4.734651392325481,-1.084612424326658,8.590592794622204,4.734646602609084,4.734657670385983,0.0,0.0,0.0,0.0,0.0,0.0,0.0,0.0,0.0,0.0,0.0,0.0,0.0,0.0,0.0,0.0,0.0,0.0,0.0,0.0,0.0,0.0,0.0,0.0,0.0,0.0,0.0,0.0,0.0,0.0,0.0,0.0,0.0,0.0,0.0,0.0,0.0,0.0,0.0,0.0,0.0,0.0,0.0,0.0,0.0,0.0,0.0,0.0,0.0,0.0,0.0,0.0,0.0,0.0,0.0,0.0,0.0,0.0,0.0,0.0,0.0,0.0,0.0,0.05245961229895217,0.05245961229895217,0.05245961229895217,-0.2028172881473252,-0.2028172881473252,-0.2028172881473252,0.0,0.0,0.0,-0.03884875229792854,-0.03884875229792854,-0.03884875229792854,-0.21642814814834882,-0.21642814814834882,-0.21642814814834882,0.0,0.0,0.0,3.7743822366110695
309,2023-01-26,4.731533532276245,-1.215674129383639,8.50647027430784,4.731528255993145,4.731540352281278,0.0,0.0,0.0,0.0,0.0,0.0,0.0,0.0,0.0,0.0,0.0,0.0,0.0,0.0,0.0,0.0,0.0,0.0,0.0,0.0,0.0,0.0,0.0,0.0,0.0,0.0,0.0,0.0,0.0,0.0,0.0,0.0,0.0,0.0,0.0,0.0,0.0,0.0,0.0,0.0,0.0,0.0,0.0,0.0,0.0,0.0,0.0,0.0,0.0,0.0,0.0,0.0,0.0,0.0,0.0,0.0,0.0,0.0,0.0,0.0,0.0,0.0,0.0,0.09409355822673421,0.09409355822673421,0.09409355822673421,-0.23349303502992533,-0.23349303502992533,-0.23349303502992533,0.0,0.0,0.0,-0.08723339999996707,-0.08723339999996707,-0.08723339999996707,-0.2403531932566925,-0.2403531932566925,-0.2403531932566925,0.0,0.0,0.0,3.6267534074792014
310,2023-01-27,4.728415672227007,-0.625982494585439,9.228532410385375,4.728409837818221,4.728422976046478,0.0,0.0,0.0,0.0,0.0,0.0,0.0,0.0,0.0,0.0,0.0,0.0,0.0,0.0,0.0,0.0,0.0,0.0,0.0,0.0,0.0,0.0,0.0,0.0,0.0,0.0,0.0,0.0,0.0,0.0,0.0,0.0,0.0,0.0,0.0,0.0,0.0,0.0,0.0,0.0,0.0,0.0,0.0,0.0,0.0,0.0,0.0,0.0,0.0,0.0,0.0,0.0,0.0,0.0,0.0,0.0,0.0,0.0,0.0,0.0,0.0,0.0,0.0,0.10186558287689201,0.10186558287689201,0.10186558287689201,-0.12173751155092916,-0.12173751155092916,-0.12173751155092916,0.0,0.0,0.0,0.03800761354490412,0.03800761354490412,0.03800761354490412,-0.2616107079727253,-0.2616107079727253,-0.2616107079727253,0.0,0.0,0.0,4.152790114711678
311,2023-01-28,4.725297812177772,-0.3156226574494736,9.158593607566972,4.725291566176912,4.725305828476448,0.0,0.0,0.0,0.0,0.0,0.0,0.0,0.0,0.0,0.0,0.0,0.0,0.0,0.0,0.0,0.0,0.0,0.0,0.0,0.0,0.0,0.0,0.0,0.0,0.0,0.0,0.0,0.0,0.0,0.0,0.0,0.0,0.0,0.0,0.0,0.0,0.0,0.0,0.0,0.0,0.0,0.0,0.0,0.0,0.0,0.0,0.0,0.0,0.0,0.0,0.0,0.0,0.0,0.0,0.0,0.0,0.0,0.0,0.0,0.0,0.0,0.0,0.0,0.11464463994272367,0.11464463994272367,0.11464463994272367,-0.043576532655377344,-0.043576532655377344,-0.043576532655377344,0.0,0.0,0.0,0.12177374593566392,0.12177374593566392,0.12177374593566392,-0.27999491853376496,-0.27999491853376496,-0.27999491853376496,0.0,0.0,0.0,4.5193857177590235
312,2023-01-29,4.722179952128536,0.21658386379762792,9.815560558145284,4.722173332836064,4.722188938474604,0.0,0.0,0.0,0.0,0.0,0.0,0.0,0.0,0.0,0.0,0.0,0.0,0.0,0.0,0.0,0.0,0.0,0.0,0.0,0.0,0.0,0.0,0.0,0.0,0.0,0.0,0.0,0.0,0.0,0.0,0.0,0.0,0.0,0.0,0.0,0.0,0.0,0.0,0.0,0.0,0.0,0.0,0.0,0.0,0.0,0.0,0.0,0.0,0.0,0.0,0.0,0.0,0.0,0.0,0.0,0.0,0.0,0.0,0.0,0.0,0.0,0.0,0.0,0.14922494991757745,0.14922494991757745,0.14922494991757745,0.024646239293799485,0.024646239293799485,0.024646239293799485,0.0,0.0,0.0,0.17079129839510376,0.17079129839510376,0.17079129839510376,-0.29537000901888166,-0.29537000901888166,-0.29537000901888166,0.0,0.0,0.0,4.838563929217078
313,2023-01-30,4.719062092079299,-0.37246473475297953,9.059644714954976,4.719054922491257,4.719071547258904,0.0,0.0,0.0,0.0,0.0,0.0,0.0,0.0,0.0,0.0,0.0,0.0,0.0,0.0,0.0,0.0,0.0,0.0,0.0,0.0,0.0,0.0,0.0,0.0,0.0,0.0,0.0,0.0,0.0,0.0,0.0,0.0,0.0,0.0,0.0,0.0,0.0,0.0,0.0,0.0,0.0,0.0,0.0,0.0,0.0,0.0,0.0,0.0,0.0,0.0,0.0,0.0,0.0,0.0,0.0,0.0,0.0,0.0,0.0,0.0,0.0,0.0,0.0,0.1916124800357988,0.1916124800357988,0.1916124800357988,-0.10911602994366816,-0.10911602994366816,-0.10911602994366816,0.0,0.0,0.0,0.006942281310704472,0.006942281310704472,0.006942281310704472,-0.3076707912901715,-0.3076707912901715,-0.3076707912901715,0.0,0.0,0.0,4.204136771533944
314,2023-01-31,4.715944232030062,-1.6735630678261522,8.198084880405025,4.715936411851345,4.715954123604203,0.0,0.0,0.0,0.0,0.0,0.0,0.0,0.0,0.0,0.0,0.0,0.0,0.0,0.0,0.0,0.0,0.0,0.0,0.0,0.0,0.0,0.0,0.0,0.0,0.0,0.0,0.0,0.0,0.0,0.0,0.0,0.0,0.0,0.0,0.0,0.0,0.0,0.0,0.0,0.0,0.0,0.0,0.0,0.0,0.0,0.0,0.0,0.0,0.0,0.0,0.0,0.0,0.0,0.0,0.0,0.0,0.0,0.0,0.0,0.0,0.0,0.0,0.0,0.21797369908295997,0.21797369908295997,0.21797369908295997,-0.310360632198858,-0.310360632198858,-0.310360632198858,0.0,0.0,0.0,-0.21143278688892853,-0.21143278688892853,-0.21143278688892853,-0.31690154439288937,-0.31690154439288937,-0.31690154439288937,0.0,0.0,0.0,3.252300798762654
